alpha,K,layers,hidden_channels,out_channels,norm,dropout,margin,lpl_weight,ratio,seed,aggregation,model_type,sampling_mode,num_neighbors,pos_weight,batch_size,rate_pairs,reliable_mini_batchaccuracy,f1,recall,precision,losses,average_precision,roc_auc,fpr,tpr,roc_thresholds,precisions,recalls,pr_thresholds
0.5,11,1,256,256,,0,0.5,0.5,0.22847329721602028,654,mean,GATConv,1,256,10,0.9329726480312593,0.8450312717164697,0.8673323823109843,0.8238482384823849,"[0.620275616645813, 0.5950304269790649, 0.5416679382324219, 0.5408992171287537, 0.5460449457168579, 0.5827940702438354, 0.5331746935844421, 0.5355339050292969, 0.540971040725708, 0.5490252375602722]",0.8948275277261646,0.9631597445929165,"[0.00000000e+00 0.00000000e+00 0.00000000e+00 0.00000000e+00
 0.00000000e+00 0.00000000e+00 0.00000000e+00 0.00000000e+00
 0.00000000e+00 0.00000000e+00 0.00000000e+00 0.00000000e+00
 0.00000000e+00 0.00000000e+00 0.00000000e+00 0.00000000e+00
 0.00000000e+00 3.80807312e-04 3.80807312e-04 3.80807312e-04
 7.61614623e-04 7.61614623e-04 1.14242193e-03 1.14242193e-03
 1.14242193e-03 1.14242193e-03 1.52322925e-03 1.52322925e-03
 2.28484387e-03 2.28484387e-03 2.28484387e-03 2.28484387e-03
 2.28484387e-03 2.28484387e-03 2.28484387e-03 2.66565118e-03
 2.66565118e-03 2.66565118e-03 2.66565118e-03 2.66565118e-03
 2.66565118e-03 3.04645849e-03 3.04645849e-03 3.04645849e-03
 3.04645849e-03 3.42726580e-03 3.42726580e-03 3.80807312e-03
 3.80807312e-03 3.80807312e-03 3.80807312e-03 4.18888043e-03
 4.18888043e-03 4.56968774e-03 4.56968774e-03 4.95049505e-03
 4.95049505e-03 4.95049505e-03 4.95049505e-03 4.95049505e-03
 4.95049505e-03 4.95049505e-03 4.95049505e-03 4.95049505e-03
 4.95049505e-03 4.95049505e-03 4.95049505e-03 4.95049505e-03
 4.95049505e-03 4.95049505e-03 4.95049505e-03 4.95049505e-03
 4.95049505e-03 4.95049505e-03 4.95049505e-03 5.33130236e-03
 5.33130236e-03 5.33130236e-03 5.33130236e-03 5.33130236e-03
 5.33130236e-03 5.71210967e-03 5.71210967e-03 5.71210967e-03
 5.71210967e-03 6.09291698e-03 6.09291698e-03 6.47372430e-03
 6.47372430e-03 6.85453161e-03 6.85453161e-03 6.85453161e-03
 7.23533892e-03 7.23533892e-03 7.23533892e-03 7.23533892e-03
 7.23533892e-03 7.23533892e-03 7.23533892e-03 7.23533892e-03
 7.61614623e-03 7.61614623e-03 7.99695354e-03 7.99695354e-03
 7.99695354e-03 7.99695354e-03 7.99695354e-03 7.99695354e-03
 7.99695354e-03 7.99695354e-03 7.99695354e-03 8.37776085e-03
 8.37776085e-03 8.75856816e-03 8.75856816e-03 8.75856816e-03
 8.75856816e-03 8.75856816e-03 9.13937548e-03 9.13937548e-03
 9.13937548e-03 9.52018279e-03 9.52018279e-03 9.90099010e-03
 9.90099010e-03 1.06626047e-02 1.06626047e-02 1.06626047e-02
 1.06626047e-02 1.06626047e-02 1.10434120e-02 1.10434120e-02
 1.10434120e-02 1.14242193e-02 1.14242193e-02 1.14242193e-02
 1.14242193e-02 1.14242193e-02 1.18050267e-02 1.21858340e-02
 1.25666413e-02 1.25666413e-02 1.25666413e-02 1.25666413e-02
 1.29474486e-02 1.29474486e-02 1.29474486e-02 1.29474486e-02
 1.29474486e-02 1.29474486e-02 1.33282559e-02 1.33282559e-02
 1.37090632e-02 1.37090632e-02 1.40898705e-02 1.40898705e-02
 1.40898705e-02 1.40898705e-02 1.40898705e-02 1.40898705e-02
 1.48514851e-02 1.48514851e-02 1.52322925e-02 1.52322925e-02
 1.52322925e-02 1.52322925e-02 1.56130998e-02 1.56130998e-02
 1.59939071e-02 1.63747144e-02 1.63747144e-02 1.67555217e-02
 1.67555217e-02 1.67555217e-02 1.67555217e-02 1.71363290e-02
 1.78979436e-02 1.82787510e-02 1.82787510e-02 1.86595583e-02
 1.86595583e-02 1.90403656e-02 1.90403656e-02 1.90403656e-02
 1.94211729e-02 1.94211729e-02 1.98019802e-02 1.98019802e-02
 2.01827875e-02 2.01827875e-02 2.09444021e-02 2.09444021e-02
 2.13252094e-02 2.13252094e-02 2.17060168e-02 2.17060168e-02
 2.20868241e-02 2.32292460e-02 2.32292460e-02 2.47524752e-02
 2.47524752e-02 2.55140899e-02 2.58948972e-02 2.66565118e-02
 2.66565118e-02 2.70373191e-02 2.70373191e-02 2.74181264e-02
 2.74181264e-02 2.81797411e-02 2.81797411e-02 2.85605484e-02
 2.85605484e-02 2.89413557e-02 2.89413557e-02 2.97029703e-02
 3.04645849e-02 3.16070069e-02 3.16070069e-02 3.19878142e-02
 3.23686215e-02 3.23686215e-02 3.31302361e-02 3.31302361e-02
 3.35110434e-02 3.42726580e-02 3.46534653e-02 3.46534653e-02
 3.50342727e-02 3.57958873e-02 3.65575019e-02 3.65575019e-02
 3.65575019e-02 3.69383092e-02 3.69383092e-02 3.73191165e-02
 3.80807312e-02 3.80807312e-02 3.84615385e-02 3.84615385e-02
 3.92231531e-02 3.96039604e-02 3.96039604e-02 4.03655750e-02
 4.03655750e-02 4.18888043e-02 4.18888043e-02 4.26504189e-02
 4.26504189e-02 4.34120335e-02 4.49352628e-02 4.64584920e-02
 4.72201066e-02 4.72201066e-02 4.83625286e-02 4.83625286e-02
 4.87433359e-02 4.87433359e-02 4.91241432e-02 4.98857578e-02
 4.98857578e-02 5.02665651e-02 5.29322163e-02 5.29322163e-02
 5.33130236e-02 5.33130236e-02 5.36938309e-02 5.36938309e-02
 5.52170602e-02 5.52170602e-02 5.63594821e-02 5.63594821e-02
 5.71210967e-02 5.78827113e-02 5.78827113e-02 5.86443260e-02
 5.86443260e-02 5.90251333e-02 5.90251333e-02 5.94059406e-02
 5.97867479e-02 6.01675552e-02 6.01675552e-02 6.09291698e-02
 6.16907845e-02 6.20715918e-02 6.28332064e-02 6.35948210e-02
 6.35948210e-02 6.54988576e-02 6.54988576e-02 6.66412795e-02
 6.66412795e-02 6.85453161e-02 6.85453161e-02 6.89261234e-02
 6.89261234e-02 6.96877380e-02 6.96877380e-02 7.08301599e-02
 7.08301599e-02 7.12109673e-02 7.12109673e-02 7.27341965e-02
 7.34958111e-02 7.42574257e-02 7.42574257e-02 7.50190404e-02
 7.50190404e-02 7.53998477e-02 7.61614623e-02 7.80654989e-02
 7.80654989e-02 7.88271135e-02 7.88271135e-02 7.92079208e-02
 7.99695354e-02 8.03503427e-02 8.11119573e-02 8.14927647e-02
 8.30159939e-02 8.33968012e-02 8.41584158e-02 8.64432597e-02
 8.64432597e-02 8.68240670e-02 8.68240670e-02 8.83472963e-02
 8.83472963e-02 8.91089109e-02 8.91089109e-02 9.44402133e-02
 9.44402133e-02 9.48210206e-02 9.63442498e-02 9.67250571e-02
 9.67250571e-02 9.74866717e-02 9.82482864e-02 1.02437167e-01
 1.02817974e-01 1.08530084e-01 1.08530084e-01 1.09291698e-01
 1.09291698e-01 1.13480579e-01 1.14242193e-01 1.16907845e-01
 1.16907845e-01 1.20715918e-01 1.20715918e-01 1.21477532e-01
 1.22619954e-01 1.22619954e-01 1.27189642e-01 1.27189642e-01
 1.34805788e-01 1.35567403e-01 1.35948210e-01 1.35948210e-01
 1.43945164e-01 1.43945164e-01 1.45087586e-01 1.45087586e-01
 1.45468393e-01 1.46230008e-01 1.46610815e-01 1.56511805e-01
 1.58035034e-01 1.59558264e-01 1.59558264e-01 1.67555217e-01
 1.67555217e-01 1.72886519e-01 1.72886519e-01 1.74790556e-01
 1.74790556e-01 1.75552171e-01 1.75552171e-01 1.80121858e-01
 1.81645088e-01 1.82406702e-01 1.83168317e-01 1.85453161e-01
 1.85453161e-01 1.86595583e-01 1.86595583e-01 1.87357197e-01
 1.88118812e-01 1.91546078e-01 1.92688500e-01 1.95734958e-01
 1.96496573e-01 1.98019802e-01 1.98781417e-01 1.99543031e-01
 2.01066260e-01 2.02589490e-01 2.03351104e-01 2.06778370e-01
 2.06778370e-01 2.08301599e-01 2.09063214e-01 2.09824829e-01
 2.12490480e-01 2.13252094e-01 2.14394516e-01 2.15156131e-01
 2.17060168e-01 2.18583397e-01 2.22010663e-01 2.22010663e-01
 2.25818736e-01 2.26961158e-01 2.32673267e-01 2.32673267e-01
 2.34958111e-01 2.35719726e-01 2.37623762e-01 2.38004570e-01
 2.38766184e-01 2.39527799e-01 2.41051028e-01 2.41812643e-01
 2.50952018e-01 2.51713633e-01 2.53998477e-01 2.54760091e-01
 2.55902513e-01 2.56664128e-01 2.57806550e-01 2.58568165e-01
 2.66184311e-01 2.66945925e-01 2.67326733e-01 2.68469155e-01
 2.68849962e-01 2.69611577e-01 2.75323686e-01 2.75323686e-01
 2.80274181e-01 2.80654989e-01 2.84463062e-01 2.85224676e-01
 2.86367098e-01 2.86367098e-01 2.87509520e-01 2.88271135e-01
 2.93602437e-01 2.94364052e-01 2.96648896e-01 2.97410510e-01
 2.99695354e-01 2.99695354e-01 3.01218583e-01 3.01980198e-01
 3.02361005e-01 3.02361005e-01 3.03122620e-01 3.07692308e-01
 3.08453922e-01 3.08453922e-01 3.14166032e-01 3.15689261e-01
 3.15689261e-01 3.20258949e-01 3.21020564e-01 3.21401371e-01
 3.22162986e-01 3.23305407e-01 3.24067022e-01 3.24828637e-01
 3.24828637e-01 3.29017517e-01 3.29017517e-01 3.37776085e-01
 3.38537700e-01 3.39299315e-01 3.39299315e-01 3.49581112e-01
 3.50342727e-01 3.53008378e-01 3.55293222e-01 3.58339680e-01
 3.59101295e-01 3.61386139e-01 3.62147753e-01 3.71287129e-01
 3.71287129e-01 3.72048743e-01 3.72048743e-01 3.84234577e-01
 3.84996192e-01 3.88804265e-01 3.89185072e-01 3.89946687e-01
 3.92612338e-01 3.93373953e-01 3.96420411e-01 3.97182026e-01
 3.99086062e-01 3.99847677e-01 4.00228484e-01 4.00990099e-01
 4.01370906e-01 4.02132521e-01 4.05178979e-01 4.05940594e-01
 4.09367860e-01 4.10129474e-01 4.15079970e-01 4.15841584e-01
 4.17745621e-01 4.18507235e-01 4.25742574e-01 4.26504189e-01
 4.28027418e-01 4.28789033e-01 4.30312262e-01 4.31073877e-01
 4.32597106e-01 4.33358720e-01 4.33739528e-01 4.34501142e-01
 4.34881950e-01 4.35643564e-01 4.38690023e-01 4.39451637e-01
 4.42117289e-01 4.42878903e-01 4.48591013e-01 4.49352628e-01
 4.52018279e-01 4.52779893e-01 4.53922315e-01 4.54683930e-01
 4.55826352e-01 4.56587966e-01 4.61157654e-01 4.61157654e-01
 4.61919269e-01 4.74866717e-01 4.76389947e-01 4.78293983e-01
 4.78674791e-01 4.81721249e-01 4.82482864e-01 4.87052551e-01
 4.87814166e-01 4.89337395e-01 4.90860625e-01 4.92764661e-01
 4.93526276e-01 4.93907083e-01 4.94668698e-01 4.95049505e-01
 4.95811120e-01 5.00761615e-01 5.01523229e-01 5.02665651e-01
 5.03427266e-01 5.07616146e-01 5.08377761e-01 5.10281797e-01
 5.11043412e-01 5.11424219e-01 5.12185834e-01 5.18278751e-01
 5.19801980e-01 5.23610053e-01 5.24371668e-01 5.27798934e-01
 5.28560548e-01 5.30083778e-01 5.30845392e-01 5.32368621e-01
 5.33130236e-01 5.34272658e-01 5.35034273e-01 5.37699924e-01
 5.37699924e-01 5.42650419e-01 5.43412034e-01 5.48743336e-01
 5.49504950e-01 5.51789794e-01 5.52551409e-01 5.55978675e-01
 5.56740289e-01 5.59025133e-01 5.59786748e-01 5.61309977e-01
 5.62071592e-01 5.62452399e-01 5.63594821e-01 5.63975628e-01
 5.64737243e-01 5.67402894e-01 5.68164509e-01 5.74257426e-01
 5.75019040e-01 5.75399848e-01 5.76161462e-01 5.77303884e-01
 5.78065499e-01 5.79969535e-01 5.80731150e-01 5.82635187e-01
 5.83396801e-01 5.84920030e-01 5.85300838e-01 5.86824067e-01
 5.87585682e-01 5.88347296e-01 5.89108911e-01 5.91774562e-01
 5.92536177e-01 5.95201828e-01 5.96725057e-01 5.97867479e-01
 5.98629094e-01 6.01675552e-01 6.02437167e-01 6.03579589e-01
 6.04341203e-01 6.04341203e-01 6.05102818e-01 6.05483625e-01
 6.07006855e-01 6.15765423e-01 6.15765423e-01 6.20715918e-01
 6.21477532e-01 6.29474486e-01 6.30236101e-01 6.31378522e-01
 6.32140137e-01 6.39375476e-01 6.39375476e-01 6.43945164e-01
 6.44706778e-01 6.51561310e-01 6.52322925e-01 6.54226961e-01
 6.54988576e-01 6.59939071e-01 6.60700685e-01 6.62604722e-01
 6.63366337e-01 6.63747144e-01 6.64508759e-01 6.65651181e-01
 6.66412795e-01 6.68697639e-01 6.69078446e-01 6.77837014e-01
 6.78598629e-01 6.80502666e-01 6.81264280e-01 6.82025895e-01
 6.83549124e-01 6.85072353e-01 6.86595583e-01 6.88499619e-01
 6.89261234e-01 6.90022848e-01 6.90022848e-01 6.91926885e-01
 6.92688500e-01 6.95734958e-01 6.96496573e-01 6.97638995e-01
 6.98400609e-01 6.99162224e-01 6.99923839e-01 7.09444021e-01
 7.10205636e-01 7.11728865e-01 7.12490480e-01 7.21629855e-01
 7.22391470e-01 7.27722772e-01 7.28484387e-01 7.28865194e-01
 7.29626809e-01 7.29626809e-01 7.36481340e-01 7.36481340e-01
 7.38766184e-01 7.40289414e-01 7.40670221e-01 7.41431835e-01
 7.44097487e-01 7.44097487e-01 7.46001523e-01 7.46763138e-01
 7.47905560e-01 7.48667174e-01 7.51332826e-01 7.52094440e-01
 7.52856055e-01 7.53617669e-01 7.54379284e-01 7.55140899e-01
 7.55902513e-01 7.56664128e-01 7.62376238e-01 7.63137852e-01
 7.66565118e-01 7.67326733e-01 7.67707540e-01 7.68469155e-01
 7.69992384e-01 7.70753998e-01 7.79131759e-01 7.79893374e-01
 7.83320640e-01 7.84082254e-01 7.84843869e-01 7.85605484e-01
 7.96648896e-01 7.97410510e-01 7.98552932e-01 7.99314547e-01
 8.00076161e-01 8.00837776e-01 8.36252856e-01 8.37014471e-01
 8.39680122e-01 8.40441736e-01 8.43488195e-01 8.44249810e-01
 8.52627570e-01 8.53389185e-01 8.61005331e-01 8.61766946e-01
 8.64051790e-01 8.64813404e-01 8.69763899e-01 8.70525514e-01
 8.91089109e-01 8.91850724e-01 8.92993145e-01 8.93754760e-01
 9.03655750e-01 9.04417365e-01 9.07083016e-01 9.07844631e-01
 9.08225438e-01 9.08987053e-01 9.18507235e-01 9.20030465e-01
 9.28408225e-01 9.29169840e-01 9.36024372e-01 9.36785986e-01
 9.43640518e-01 9.44402133e-01 9.53160701e-01 9.54683930e-01
 9.55445545e-01 9.56207159e-01 9.56968774e-01 9.57730388e-01
 9.69154608e-01 9.69916222e-01 9.74105103e-01 9.74866717e-01
 9.77151561e-01 9.77151561e-01 9.77913176e-01 9.78674791e-01
 9.90099010e-01 9.90860625e-01 1.00000000e+00]","[0.         0.00142653 0.00570613 0.0085592  0.01141227 0.0171184
 0.021398   0.02425107 0.02710414 0.0342368  0.03566334 0.04136947
 0.04992867 0.05278174 0.05706134 0.05991441 0.07275321 0.07417974
 0.08131241 0.08987161 0.08987161 0.09985735 0.09985735 0.10413695
 0.10984308 0.11269615 0.11554922 0.12410842 0.12696148 0.12981455
 0.13552068 0.14265335 0.14550642 0.15121255 0.15977175 0.15977175
 0.16690442 0.16975749 0.17974322 0.18259629 0.18402282 0.18402282
 0.18687589 0.18972896 0.19258203 0.19258203 0.2168331  0.2168331
 0.21968616 0.22253923 0.22681883 0.22681883 0.23109843 0.23109843
 0.2382311  0.2382311  0.24821683 0.2510699  0.25820257 0.26105563
 0.27960057 0.28245364 0.28388017 0.28673324 0.28958631 0.29243937
 0.29386591 0.29671897 0.29957204 0.30242511 0.31098431 0.31383738
 0.31954351 0.32239658 0.33095578 0.33095578 0.33808845 0.34236805
 0.34522111 0.34807418 0.35092725 0.35092725 0.35663338 0.35948645
 0.36233951 0.36233951 0.36947218 0.36947218 0.37375178 0.37375178
 0.38231098 0.38516405 0.38516405 0.38944365 0.39229672 0.39514979
 0.39800285 0.41512126 0.41797432 0.42796006 0.42938659 0.43794579
 0.43937233 0.44222539 0.44507846 0.45506419 0.45791726 0.47360913
 0.4764622  0.4807418  0.48359486 0.4850214  0.48787447 0.48787447
 0.49072753 0.49928673 0.50499287 0.510699   0.51212553 0.51640514
 0.5192582  0.5192582  0.53352354 0.53352354 0.5363766  0.5363766
 0.54065621 0.54350927 0.54493581 0.54778887 0.54921541 0.55206847
 0.55492154 0.55492154 0.55777461 0.56776034 0.57061341 0.57774608
 0.57774608 0.57917261 0.57917261 0.58487874 0.58773181 0.59058488
 0.59201141 0.60912981 0.61198288 0.61483595 0.61768902 0.63195435
 0.63195435 0.63623395 0.63623395 0.65620542 0.65763195 0.66191155
 0.66476462 0.66761769 0.67332382 0.70328103 0.70328103 0.71611983
 0.71754636 0.72895863 0.7318117  0.73466476 0.7360913  0.7489301
 0.7489301  0.75035663 0.75606277 0.75606277 0.75891583 0.7617689
 0.76462197 0.76462197 0.76462197 0.76462197 0.77175464 0.77175464
 0.77318117 0.77318117 0.77603424 0.78459344 0.78459344 0.7874465
 0.7874465  0.79172611 0.79172611 0.79315264 0.79315264 0.79743224
 0.79743224 0.79885877 0.79885877 0.80171184 0.80313837 0.80313837
 0.80456491 0.80456491 0.80741797 0.80741797 0.80741797 0.80741797
 0.80884451 0.80884451 0.81027104 0.81027104 0.81169757 0.81169757
 0.81597718 0.81597718 0.81740371 0.81740371 0.81883024 0.81883024
 0.81883024 0.81883024 0.82453638 0.82453638 0.82596291 0.82881598
 0.82881598 0.83452211 0.83452211 0.83452211 0.83452211 0.83594864
 0.83594864 0.83594864 0.83594864 0.83880171 0.84736091 0.84736091
 0.84878745 0.84878745 0.84878745 0.85021398 0.85021398 0.85164051
 0.85164051 0.85164051 0.85449358 0.85449358 0.85592011 0.85592011
 0.85877318 0.85877318 0.86019971 0.86019971 0.86019971 0.86019971
 0.86019971 0.86305278 0.86305278 0.86447932 0.86447932 0.86590585
 0.86590585 0.86875892 0.87161198 0.87303852 0.87303852 0.87446505
 0.87446505 0.87731812 0.87731812 0.87874465 0.87874465 0.88159772
 0.88159772 0.88445078 0.88445078 0.88445078 0.88873039 0.88873039
 0.89015692 0.89015692 0.89158345 0.89158345 0.89300999 0.89300999
 0.89443652 0.89443652 0.89443652 0.89443652 0.89443652 0.89443652
 0.89728959 0.89728959 0.89871612 0.89871612 0.90156919 0.90156919
 0.90442225 0.90442225 0.90870185 0.90870185 0.91012839 0.91012839
 0.91155492 0.91155492 0.91298146 0.91298146 0.91298146 0.91298146
 0.91440799 0.91440799 0.91583452 0.91583452 0.91583452 0.91583452
 0.91726106 0.91726106 0.91868759 0.91868759 0.91868759 0.91868759
 0.91868759 0.91868759 0.91868759 0.91868759 0.91868759 0.91868759
 0.92011412 0.92011412 0.92154066 0.92154066 0.92296719 0.92296719
 0.92439372 0.92439372 0.92582026 0.92582026 0.92582026 0.92582026
 0.92724679 0.92724679 0.92724679 0.92724679 0.92867332 0.92867332
 0.93009986 0.93009986 0.93152639 0.93152639 0.93152639 0.93152639
 0.93295292 0.93295292 0.93437946 0.93437946 0.93437946 0.93580599
 0.93580599 0.93865906 0.93865906 0.93865906 0.93865906 0.94008559
 0.94008559 0.94151213 0.94151213 0.94293866 0.94293866 0.94293866
 0.94436519 0.94436519 0.94436519 0.94436519 0.94579173 0.94579173
 0.94721826 0.94721826 0.94864479 0.94864479 0.95007133 0.95007133
 0.95149786 0.95149786 0.95149786 0.95149786 0.95149786 0.95149786
 0.95292439 0.95292439 0.95577746 0.95577746 0.95577746 0.95577746
 0.95577746 0.95577746 0.95577746 0.95577746 0.95577746 0.95577746
 0.95577746 0.95577746 0.95577746 0.95577746 0.95720399 0.95720399
 0.95720399 0.95720399 0.95720399 0.95720399 0.95720399 0.95720399
 0.95720399 0.95720399 0.95720399 0.95863053 0.95863053 0.95863053
 0.95863053 0.96005706 0.96005706 0.96005706 0.96005706 0.96148359
 0.96148359 0.96148359 0.96148359 0.96148359 0.96148359 0.96148359
 0.96148359 0.96148359 0.96148359 0.96148359 0.96148359 0.96148359
 0.96148359 0.96148359 0.96148359 0.96148359 0.96148359 0.96148359
 0.96148359 0.96291013 0.96291013 0.96433666 0.96433666 0.96433666
 0.96433666 0.9657632  0.9657632  0.9657632  0.9657632  0.9657632
 0.9657632  0.9657632  0.9657632  0.96718973 0.96718973 0.96718973
 0.96718973 0.96861626 0.96861626 0.96861626 0.96861626 0.9700428
 0.9700428  0.9700428  0.97146933 0.97146933 0.97146933 0.97146933
 0.97146933 0.97146933 0.97146933 0.97146933 0.97289586 0.97289586
 0.9743224  0.9743224  0.9743224  0.9743224  0.97574893 0.97574893
 0.97574893 0.97574893 0.97574893 0.97574893 0.97574893 0.97574893
 0.97574893 0.97574893 0.97717546 0.97717546 0.978602   0.978602
 0.978602   0.978602   0.98002853 0.98002853 0.98002853 0.98002853
 0.98002853 0.98002853 0.98002853 0.98002853 0.98002853 0.98002853
 0.98002853 0.98002853 0.98002853 0.98002853 0.98002853 0.98002853
 0.98002853 0.98002853 0.98002853 0.98002853 0.98002853 0.98002853
 0.98002853 0.98002853 0.98002853 0.98002853 0.98002853 0.98002853
 0.98002853 0.98002853 0.98002853 0.98002853 0.98002853 0.98002853
 0.98002853 0.98002853 0.98002853 0.98002853 0.98002853 0.98002853
 0.98002853 0.98002853 0.98002853 0.98002853 0.98002853 0.98145506
 0.98145506 0.98145506 0.98145506 0.98145506 0.9828816  0.9828816
 0.9828816  0.9828816  0.9828816  0.9828816  0.9828816  0.9828816
 0.9828816  0.9828816  0.9828816  0.9828816  0.9828816  0.9828816
 0.9828816  0.9828816  0.9828816  0.9828816  0.9828816  0.9828816
 0.9828816  0.9828816  0.9828816  0.9828816  0.9828816  0.9828816
 0.9828816  0.9828816  0.9828816  0.9828816  0.9828816  0.9828816
 0.9828816  0.9828816  0.9828816  0.9828816  0.98430813 0.98430813
 0.98430813 0.98430813 0.98430813 0.98430813 0.98430813 0.98430813
 0.98430813 0.98430813 0.98430813 0.98430813 0.98430813 0.98430813
 0.98430813 0.98430813 0.98430813 0.98430813 0.98430813 0.98430813
 0.98430813 0.98430813 0.98430813 0.98430813 0.98430813 0.98430813
 0.98430813 0.98430813 0.98430813 0.98430813 0.98573466 0.98573466
 0.98573466 0.98573466 0.98573466 0.98573466 0.98573466 0.98573466
 0.98573466 0.98573466 0.98573466 0.98573466 0.98573466 0.98573466
 0.98573466 0.9871612  0.9871612  0.98858773 0.98858773 0.98858773
 0.99001427 0.99001427 0.99001427 0.99001427 0.99001427 0.99001427
 0.99001427 0.99001427 0.9914408  0.9914408  0.9914408  0.9914408
 0.9914408  0.9914408  0.9914408  0.9914408  0.9914408  0.9914408
 0.9914408  0.9914408  0.9914408  0.9914408  0.9914408  0.9914408
 0.99286733 0.99286733 0.99286733 0.99286733 0.99286733 0.99286733
 0.99286733 0.99286733 0.99286733 0.99286733 0.99286733 0.99286733
 0.99429387 0.99429387 0.99429387 0.99429387 0.99429387 0.99429387
 0.99429387 0.99429387 0.99429387 0.99429387 0.99429387 0.99429387
 0.99429387 0.99429387 0.99429387 0.99429387 0.99429387 0.99429387
 0.99429387 0.9957204  0.9957204  0.99714693 0.99714693 0.99714693
 0.99714693 0.99714693 0.99714693 0.99857347 0.99857347 0.99857347
 0.99857347 0.99857347 0.99857347 0.99857347 0.99857347 0.99857347
 0.99857347 0.99857347 0.99857347 0.99857347 0.99857347 0.99857347
 0.99857347 0.99857347 0.99857347 0.99857347 0.99857347 0.99857347
 0.99857347 0.99857347 0.99857347 0.99857347 0.99857347 0.99857347
 0.99857347 0.99857347 0.99857347 0.99857347 0.99857347 0.99857347
 0.99857347 0.99857347 0.99857347 0.99857347 0.99857347 0.99857347
 0.99857347 0.99857347 0.99857347 0.99857347 0.99857347 0.99857347
 0.99857347 0.99857347 0.99857347 0.99857347 0.99857347 0.99857347
 0.99857347 0.99857347 0.99857347 0.99857347 0.99857347 0.99857347
 0.99857347 0.99857347 0.99857347 0.99857347 0.99857347 0.99857347
 0.99857347 0.99857347 0.99857347 0.99857347 0.99857347 0.99857347
 0.99857347 0.99857347 0.99857347 0.99857347 0.99857347 0.99857347
 0.99857347 1.         1.         1.         1.         1.
 1.        ]","[           inf 9.99998927e-01 9.99998093e-01 9.99997973e-01
 9.99997377e-01 9.99996185e-01 9.99996066e-01 9.99995589e-01
 9.99994993e-01 9.99994874e-01 9.99994636e-01 9.99994278e-01
 9.99992490e-01 9.99991417e-01 9.99991059e-01 9.99990821e-01
 9.99986291e-01 9.99985456e-01 9.99982357e-01 9.99981523e-01
 9.99980927e-01 9.99977231e-01 9.99976993e-01 9.99976873e-01
 9.99974728e-01 9.99973178e-01 9.99972701e-01 9.99968886e-01
 9.99966502e-01 9.99957323e-01 9.99954700e-01 9.99951959e-01
 9.99950290e-01 9.99948263e-01 9.99946833e-01 9.99945879e-01
 9.99942064e-01 9.99941945e-01 9.99935508e-01 9.99935150e-01
 9.99933362e-01 9.99933124e-01 9.99932051e-01 9.99928117e-01
 9.99927998e-01 9.99926090e-01 9.99903798e-01 9.99903321e-01
 9.99900937e-01 9.99897599e-01 9.99889374e-01 9.99889255e-01
 9.99885559e-01 9.99885082e-01 9.99869466e-01 9.99868393e-01
 9.99858975e-01 9.99858856e-01 9.99846697e-01 9.99845624e-01
 9.99819338e-01 9.99817550e-01 9.99816239e-01 9.99814093e-01
 9.99808490e-01 9.99806345e-01 9.99805272e-01 9.99802887e-01
 9.99793231e-01 9.99791205e-01 9.99769866e-01 9.99768555e-01
 9.99760449e-01 9.99759734e-01 9.99736607e-01 9.99734938e-01
 9.99722183e-01 9.99720991e-01 9.99702871e-01 9.99695659e-01
 9.99692321e-01 9.99691844e-01 9.99678493e-01 9.99674559e-01
 9.99669194e-01 9.99650002e-01 9.99616623e-01 9.99614358e-01
 9.99603212e-01 9.99597371e-01 9.99542236e-01 9.99539256e-01
 9.99523282e-01 9.99493837e-01 9.99488950e-01 9.99475896e-01
 9.99471486e-01 9.99307156e-01 9.99273598e-01 9.99207318e-01
 9.99200165e-01 9.99179065e-01 9.99176919e-01 9.99159932e-01
 9.99150515e-01 9.99100089e-01 9.99084592e-01 9.98954535e-01
 9.98940766e-01 9.98871744e-01 9.98859048e-01 9.98857379e-01
 9.98853207e-01 9.98846769e-01 9.98845220e-01 9.98808503e-01
 9.98723567e-01 9.98697340e-01 9.98667836e-01 9.98590052e-01
 9.98583794e-01 9.98577833e-01 9.98444855e-01 9.98440444e-01
 9.98397887e-01 9.98394907e-01 9.98330534e-01 9.98311520e-01
 9.98297155e-01 9.98295844e-01 9.98259008e-01 9.98219907e-01
 9.98192251e-01 9.98189509e-01 9.98146296e-01 9.97960687e-01
 9.97949421e-01 9.97862041e-01 9.97858942e-01 9.97828305e-01
 9.97826159e-01 9.97789383e-01 9.97784078e-01 9.97679770e-01
 9.97659802e-01 9.97388184e-01 9.97361362e-01 9.97350812e-01
 9.97289538e-01 9.97086585e-01 9.97079372e-01 9.97025192e-01
 9.97019708e-01 9.96497810e-01 9.96398449e-01 9.96253133e-01
 9.96194720e-01 9.96081054e-01 9.96042371e-01 9.95117068e-01
 9.95027244e-01 9.94429588e-01 9.94314730e-01 9.93694961e-01
 9.93387699e-01 9.93137121e-01 9.93062913e-01 9.92150187e-01
 9.92095530e-01 9.91933405e-01 9.91530299e-01 9.91487861e-01
 9.91246045e-01 9.91000831e-01 9.90982831e-01 9.90966976e-01
 9.90591705e-01 9.90030169e-01 9.89259720e-01 9.88542914e-01
 9.88418639e-01 9.88389730e-01 9.88258183e-01 9.83152151e-01
 9.81999755e-01 9.80684459e-01 9.80620801e-01 9.79373336e-01
 9.78634357e-01 9.78208780e-01 9.74447787e-01 9.72051799e-01
 9.71838176e-01 9.70587790e-01 9.69845831e-01 9.68421221e-01
 9.67784286e-01 9.66513574e-01 9.66448307e-01 9.59390700e-01
 9.53046203e-01 9.51099932e-01 9.50634956e-01 9.48081195e-01
 9.45655584e-01 9.44037318e-01 9.43456769e-01 9.40727770e-01
 9.40287352e-01 9.38892245e-01 9.31217670e-01 9.29249942e-01
 9.26999569e-01 9.26668048e-01 9.26646173e-01 9.22234714e-01
 9.19910014e-01 9.16793942e-01 9.15026784e-01 8.95490170e-01
 8.90188813e-01 8.89133096e-01 8.85334551e-01 8.72891724e-01
 8.70886266e-01 8.65684450e-01 8.63987982e-01 8.63411665e-01
 8.46244812e-01 8.43685567e-01 8.40592504e-01 8.39827955e-01
 8.16763639e-01 8.00440550e-01 7.78838217e-01 7.67003894e-01
 7.65766323e-01 7.59206653e-01 7.57715166e-01 7.56494999e-01
 7.48066664e-01 7.41237044e-01 7.35291958e-01 7.30536103e-01
 7.27741420e-01 6.97411716e-01 6.90603971e-01 6.82814717e-01
 6.81033373e-01 6.77289903e-01 6.58040404e-01 6.07451081e-01
 5.98333120e-01 5.83471298e-01 5.37931502e-01 5.15377700e-01
 5.15258193e-01 5.07647276e-01 5.02495646e-01 4.89260852e-01
 4.85643297e-01 4.81568992e-01 4.26054835e-01 4.25035328e-01
 4.16559517e-01 4.01848525e-01 3.95822883e-01 3.73124778e-01
 3.55116487e-01 3.51345479e-01 3.23150456e-01 3.14249456e-01
 3.12739760e-01 3.11244398e-01 3.05512100e-01 2.83414215e-01
 2.71877140e-01 2.57140249e-01 2.55515039e-01 2.28336304e-01
 2.18006983e-01 2.14414701e-01 2.14311078e-01 1.86507255e-01
 1.74832538e-01 1.64176404e-01 1.60730511e-01 1.51376858e-01
 1.42455965e-01 1.27460077e-01 1.20704815e-01 1.13609917e-01
 1.11596346e-01 1.03557460e-01 1.01762481e-01 1.00942843e-01
 9.78175253e-02 9.60881338e-02 9.35470983e-02 8.03494677e-02
 7.80255273e-02 7.13306069e-02 7.05952272e-02 6.74842522e-02
 6.70573190e-02 6.53236434e-02 6.44574091e-02 6.10807762e-02
 6.01226464e-02 5.99829294e-02 5.86817376e-02 4.98426408e-02
 4.70429771e-02 4.40289341e-02 4.18060720e-02 4.10766974e-02
 4.02214639e-02 3.33187357e-02 3.28614078e-02 3.23066115e-02
 3.06119192e-02 3.02184708e-02 2.82154623e-02 2.47051958e-02
 2.41562184e-02 2.35181022e-02 2.34857369e-02 2.09981892e-02
 1.97356343e-02 1.95787456e-02 1.90699119e-02 1.40976179e-02
 1.40097970e-02 1.39908986e-02 1.37889432e-02 1.37276184e-02
 1.37009686e-02 1.33805741e-02 1.31775355e-02 1.14471875e-02
 1.11304019e-02 8.63493513e-03 8.52843374e-03 8.39012396e-03
 8.25306587e-03 7.93035235e-03 7.91805331e-03 7.25652324e-03
 7.16872560e-03 6.89878548e-03 6.89861272e-03 6.88000303e-03
 6.78145699e-03 6.67916099e-03 6.37140591e-03 6.36645034e-03
 5.73753193e-03 5.71343536e-03 5.65034151e-03 5.63618960e-03
 4.88164229e-03 4.85805841e-03 4.79426840e-03 4.78655053e-03
 4.77668643e-03 4.76226397e-03 4.75297077e-03 4.37328964e-03
 4.33104113e-03 4.25492041e-03 4.21977742e-03 3.88800027e-03
 3.87494173e-03 3.65243992e-03 3.64511763e-03 3.49410018e-03
 3.48005258e-03 3.44075472e-03 3.44010745e-03 3.29981325e-03
 3.29083740e-03 3.23773408e-03 3.23180272e-03 3.16814682e-03
 3.14284046e-03 3.04365205e-03 3.04007879e-03 3.03489482e-03
 3.02666798e-03 2.90232990e-03 2.88653956e-03 2.85757310e-03
 2.85632350e-03 2.80579505e-03 2.79748370e-03 2.74984399e-03
 2.69703032e-03 2.63413438e-03 2.62554851e-03 2.51149805e-03
 2.49872846e-03 2.48832465e-03 2.47930666e-03 2.47315620e-03
 2.40695430e-03 2.40155379e-03 2.38017458e-03 2.37229676e-03
 2.33915867e-03 2.33017327e-03 2.25984841e-03 2.25534802e-03
 2.16129329e-03 2.15133512e-03 2.06159637e-03 2.06150021e-03
 2.02310155e-03 2.02142121e-03 2.00150465e-03 1.99987669e-03
 1.98934413e-03 1.98584818e-03 1.94684416e-03 1.94514368e-03
 1.85961160e-03 1.84550742e-03 1.82973174e-03 1.82127068e-03
 1.81029108e-03 1.80841202e-03 1.79023598e-03 1.78503105e-03
 1.71487336e-03 1.70176791e-03 1.69971143e-03 1.67727680e-03
 1.67353079e-03 1.67191180e-03 1.63296936e-03 1.62915839e-03
 1.56135450e-03 1.55940896e-03 1.50334090e-03 1.48981519e-03
 1.48007681e-03 1.47850183e-03 1.46704505e-03 1.46608276e-03
 1.42553553e-03 1.42207730e-03 1.40583806e-03 1.40154432e-03
 1.33678911e-03 1.32833165e-03 1.31215632e-03 1.30754989e-03
 1.30699517e-03 1.30019931e-03 1.29498087e-03 1.24757213e-03
 1.24716107e-03 1.24286709e-03 1.19039009e-03 1.18808437e-03
 1.18694291e-03 1.13806408e-03 1.13619282e-03 1.13518396e-03
 1.13199686e-03 1.12850720e-03 1.12286571e-03 1.12115568e-03
 1.11980853e-03 1.08728954e-03 1.08074502e-03 1.00480975e-03
 1.00075605e-03 9.92434914e-04 9.91680194e-04 9.09956405e-04
 9.06395144e-04 8.89928604e-04 8.77869723e-04 8.61233741e-04
 8.59399152e-04 8.36822845e-04 8.36232910e-04 7.97843037e-04
 7.97375920e-04 7.92743056e-04 7.91281520e-04 7.16913200e-04
 7.15468312e-04 7.00399687e-04 6.96567760e-04 6.92165573e-04
 6.78927347e-04 6.76336698e-04 6.62987703e-04 6.62610284e-04
 6.58883946e-04 6.58551813e-04 6.52620860e-04 6.51837618e-04
 6.48720656e-04 6.47663022e-04 6.33381016e-04 6.33221644e-04
 6.15999452e-04 6.15983037e-04 5.96028520e-04 5.95845631e-04
 5.77859289e-04 5.76218648e-04 5.50256984e-04 5.50092838e-04
 5.48117328e-04 5.46588970e-04 5.38426277e-04 5.37010899e-04
 5.32622857e-04 5.31672325e-04 5.30433957e-04 5.29860670e-04
 5.24761854e-04 5.22939081e-04 5.10378566e-04 5.07291639e-04
 5.02592709e-04 5.01875300e-04 4.85883793e-04 4.85531957e-04
 4.77311900e-04 4.73664230e-04 4.70383675e-04 4.69586696e-04
 4.61445277e-04 4.59791481e-04 4.44232748e-04 4.43926285e-04
 4.43793833e-04 4.14570328e-04 4.12158930e-04 4.08771593e-04
 4.05496306e-04 3.99512937e-04 3.99344979e-04 3.81760561e-04
 3.80895217e-04 3.78081546e-04 3.77056800e-04 3.71058792e-04
 3.71055270e-04 3.69796850e-04 3.69753136e-04 3.69530782e-04
 3.68915673e-04 3.52968520e-04 3.52559262e-04 3.48869216e-04
 3.47486755e-04 3.39693419e-04 3.38368729e-04 3.32497439e-04
 3.30705254e-04 3.30119365e-04 3.27607413e-04 3.18652339e-04
 3.14337871e-04 3.03542416e-04 3.02823260e-04 2.95396429e-04
 2.94039841e-04 2.92318320e-04 2.91038014e-04 2.87261326e-04
 2.87221890e-04 2.84608279e-04 2.84571928e-04 2.80250504e-04
 2.80158070e-04 2.70500313e-04 2.70426564e-04 2.64053233e-04
 2.63812166e-04 2.61041452e-04 2.60931702e-04 2.56091123e-04
 2.55062099e-04 2.49683013e-04 2.49499280e-04 2.47275078e-04
 2.46855780e-04 2.46580545e-04 2.45809235e-04 2.45582225e-04
 2.44923984e-04 2.40957190e-04 2.39082714e-04 2.30001344e-04
 2.28392339e-04 2.28318080e-04 2.27801225e-04 2.26266464e-04
 2.25554366e-04 2.23772164e-04 2.23767056e-04 2.21287220e-04
 2.21235954e-04 2.17417110e-04 2.17301465e-04 2.16126151e-04
 2.15777560e-04 2.15263412e-04 2.15089633e-04 2.12190222e-04
 2.11520804e-04 2.10080092e-04 2.08372250e-04 2.03498363e-04
 2.02762385e-04 1.98222187e-04 1.97569316e-04 1.95689441e-04
 1.94815540e-04 1.94635082e-04 1.93668748e-04 1.93626111e-04
 1.92747277e-04 1.77886526e-04 1.76964691e-04 1.71725711e-04
 1.70542844e-04 1.61501288e-04 1.61347518e-04 1.59702409e-04
 1.58840703e-04 1.52487308e-04 1.52397624e-04 1.46433798e-04
 1.44920967e-04 1.39201366e-04 1.38976160e-04 1.36858886e-04
 1.36494753e-04 1.32380097e-04 1.32033412e-04 1.30936009e-04
 1.30913279e-04 1.30453205e-04 1.29596476e-04 1.29348075e-04
 1.28734435e-04 1.27333144e-04 1.27255451e-04 1.21907055e-04
 1.21578283e-04 1.18593751e-04 1.18557349e-04 1.17862321e-04
 1.17277108e-04 1.16480674e-04 1.16071547e-04 1.14653696e-04
 1.14584182e-04 1.13535280e-04 1.13508431e-04 1.12275848e-04
 1.11656176e-04 1.09767963e-04 1.09749228e-04 1.08281834e-04
 1.08042346e-04 1.07450956e-04 1.07416119e-04 9.95510200e-05
 9.94120419e-05 9.88453539e-05 9.85029474e-05 9.28850641e-05
 9.27068468e-05 8.91887030e-05 8.87964707e-05 8.84200417e-05
 8.75756159e-05 8.74731268e-05 8.43195376e-05 8.41002329e-05
 8.17061082e-05 8.12962971e-05 8.11593491e-05 8.04278097e-05
 7.89135520e-05 7.86511300e-05 7.78111280e-05 7.74566652e-05
 7.71776031e-05 7.68762911e-05 7.58225797e-05 7.56397276e-05
 7.48515813e-05 7.38742747e-05 7.36825532e-05 7.36803049e-05
 7.36140137e-05 7.35036738e-05 7.02524630e-05 6.98868971e-05
 6.80265948e-05 6.79964287e-05 6.79681034e-05 6.74105322e-05
 6.60152436e-05 6.58575445e-05 6.30221766e-05 6.29580245e-05
 6.16279140e-05 6.16234465e-05 6.14558958e-05 6.14416640e-05
 5.66781709e-05 5.65233167e-05 5.61395500e-05 5.61367124e-05
 5.58977663e-05 5.56666346e-05 4.15208051e-05 4.11597648e-05
 4.04554521e-05 4.02892838e-05 3.90036475e-05 3.89813395e-05
 3.66589738e-05 3.66266140e-05 3.55775883e-05 3.54186814e-05
 3.49665861e-05 3.49334550e-05 3.30018956e-05 3.26188565e-05
 2.75933908e-05 2.75325401e-05 2.73807254e-05 2.73613041e-05
 2.40374429e-05 2.39841138e-05 2.35030766e-05 2.34825548e-05
 2.34449180e-05 2.33606224e-05 2.15750842e-05 2.14438242e-05
 1.98080943e-05 1.97195277e-05 1.79165709e-05 1.79074832e-05
 1.66486898e-05 1.66092195e-05 1.49657590e-05 1.47257615e-05
 1.46408483e-05 1.46393259e-05 1.42394219e-05 1.42097269e-05
 1.22404663e-05 1.22261163e-05 1.10559804e-05 1.09727680e-05
 1.05999079e-05 1.05281060e-05 1.03591237e-05 1.03476705e-05
 6.46421495e-06 6.41265615e-06 2.22309859e-06]",[0.21070033 0.21076368 0.21082707 ... 1.         1.         1.        ],[1.         1.         1.         ... 0.00285307 0.00142653 0.        ],"[2.2230986e-06 2.8038710e-06 2.9016946e-06 ... 9.9999821e-01 9.9999857e-01
 9.9999893e-01]"
0.5,11,1,256,256,,0,0.5,0.5,0.22847329721602028,114,mean,GATConv,1,256,10,0.941088067327923,0.8627450980392157,0.8787446504992867,0.8473177441540578,"[0.6090858578681946, 0.6025000214576721, 0.543437659740448, 0.5393955111503601, 0.5326519012451172, 0.5707913041114807, 0.5449180603027344, 0.5159124135971069, 0.5310587286949158, 0.5310167670249939]",0.8949941537245675,0.9646118101330599,"[0.00000000e+00 0.00000000e+00 0.00000000e+00 0.00000000e+00
 0.00000000e+00 0.00000000e+00 0.00000000e+00 0.00000000e+00
 0.00000000e+00 0.00000000e+00 0.00000000e+00 0.00000000e+00
 3.80807312e-04 3.80807312e-04 3.80807312e-04 3.80807312e-04
 3.80807312e-04 3.80807312e-04 7.61614623e-04 7.61614623e-04
 7.61614623e-04 7.61614623e-04 1.14242193e-03 1.14242193e-03
 1.14242193e-03 1.14242193e-03 1.52322925e-03 1.52322925e-03
 1.90403656e-03 1.90403656e-03 1.90403656e-03 2.28484387e-03
 2.28484387e-03 2.66565118e-03 2.66565118e-03 3.04645849e-03
 3.04645849e-03 3.04645849e-03 3.04645849e-03 3.04645849e-03
 3.04645849e-03 3.04645849e-03 3.04645849e-03 3.42726580e-03
 3.42726580e-03 3.80807312e-03 3.80807312e-03 4.18888043e-03
 4.18888043e-03 4.56968774e-03 4.56968774e-03 4.56968774e-03
 4.56968774e-03 4.56968774e-03 4.56968774e-03 4.56968774e-03
 4.56968774e-03 4.56968774e-03 4.56968774e-03 4.56968774e-03
 4.56968774e-03 5.33130236e-03 5.33130236e-03 6.09291698e-03
 6.09291698e-03 6.09291698e-03 6.09291698e-03 6.09291698e-03
 6.09291698e-03 6.09291698e-03 6.09291698e-03 6.09291698e-03
 6.09291698e-03 6.09291698e-03 6.09291698e-03 6.09291698e-03
 6.09291698e-03 6.09291698e-03 6.47372430e-03 6.47372430e-03
 6.47372430e-03 6.47372430e-03 6.47372430e-03 6.47372430e-03
 6.47372430e-03 6.47372430e-03 6.85453161e-03 6.85453161e-03
 7.23533892e-03 7.23533892e-03 7.23533892e-03 7.23533892e-03
 7.23533892e-03 7.61614623e-03 7.61614623e-03 7.61614623e-03
 7.61614623e-03 7.61614623e-03 7.61614623e-03 7.61614623e-03
 7.61614623e-03 7.61614623e-03 7.61614623e-03 7.61614623e-03
 7.61614623e-03 7.61614623e-03 7.61614623e-03 7.61614623e-03
 7.61614623e-03 7.99695354e-03 7.99695354e-03 8.37776085e-03
 8.37776085e-03 8.75856816e-03 8.75856816e-03 8.75856816e-03
 8.75856816e-03 8.75856816e-03 9.13937548e-03 9.13937548e-03
 9.13937548e-03 9.13937548e-03 9.13937548e-03 9.52018279e-03
 9.52018279e-03 9.52018279e-03 9.90099010e-03 1.02817974e-02
 1.02817974e-02 1.06626047e-02 1.06626047e-02 1.10434120e-02
 1.10434120e-02 1.14242193e-02 1.14242193e-02 1.14242193e-02
 1.14242193e-02 1.18050267e-02 1.18050267e-02 1.18050267e-02
 1.18050267e-02 1.18050267e-02 1.21858340e-02 1.21858340e-02
 1.25666413e-02 1.25666413e-02 1.25666413e-02 1.25666413e-02
 1.25666413e-02 1.25666413e-02 1.29474486e-02 1.29474486e-02
 1.33282559e-02 1.33282559e-02 1.33282559e-02 1.33282559e-02
 1.33282559e-02 1.33282559e-02 1.37090632e-02 1.37090632e-02
 1.40898705e-02 1.40898705e-02 1.44706778e-02 1.44706778e-02
 1.44706778e-02 1.44706778e-02 1.48514851e-02 1.48514851e-02
 1.52322925e-02 1.52322925e-02 1.56130998e-02 1.59939071e-02
 1.59939071e-02 1.63747144e-02 1.63747144e-02 1.71363290e-02
 1.71363290e-02 1.78979436e-02 1.78979436e-02 1.78979436e-02
 1.86595583e-02 1.86595583e-02 1.94211729e-02 1.94211729e-02
 1.94211729e-02 1.94211729e-02 2.01827875e-02 2.01827875e-02
 2.05635948e-02 2.05635948e-02 2.17060168e-02 2.20868241e-02
 2.20868241e-02 2.24676314e-02 2.24676314e-02 2.24676314e-02
 2.24676314e-02 2.32292460e-02 2.32292460e-02 2.36100533e-02
 2.36100533e-02 2.43716679e-02 2.43716679e-02 2.47524752e-02
 2.47524752e-02 2.62757045e-02 2.62757045e-02 2.62757045e-02
 2.74181264e-02 2.74181264e-02 2.77989337e-02 2.77989337e-02
 2.93221630e-02 2.93221630e-02 2.97029703e-02 3.04645849e-02
 3.04645849e-02 3.12261995e-02 3.12261995e-02 3.19878142e-02
 3.19878142e-02 3.19878142e-02 3.27494288e-02 3.27494288e-02
 3.31302361e-02 3.31302361e-02 3.38918507e-02 3.38918507e-02
 3.42726580e-02 3.42726580e-02 3.42726580e-02 3.65575019e-02
 3.65575019e-02 3.76999238e-02 3.76999238e-02 3.84615385e-02
 3.84615385e-02 4.03655750e-02 4.03655750e-02 4.11271896e-02
 4.11271896e-02 4.26504189e-02 4.34120335e-02 4.37928408e-02
 4.41736481e-02 4.41736481e-02 4.41736481e-02 4.49352628e-02
 4.53160701e-02 4.56968774e-02 4.64584920e-02 4.64584920e-02
 4.76009139e-02 4.76009139e-02 4.83625286e-02 4.87433359e-02
 4.91241432e-02 4.91241432e-02 5.02665651e-02 5.02665651e-02
 5.10281797e-02 5.48362529e-02 5.63594821e-02 5.75019040e-02
 5.75019040e-02 5.94059406e-02 5.94059406e-02 6.13099772e-02
 6.13099772e-02 6.32140137e-02 6.32140137e-02 6.51180503e-02
 6.58796649e-02 6.62604722e-02 6.70220868e-02 6.81645088e-02
 6.81645088e-02 7.00685453e-02 7.08301599e-02 7.19725819e-02
 7.27341965e-02 7.42574257e-02 7.57806550e-02 7.57806550e-02
 7.69230769e-02 7.69230769e-02 7.73038842e-02 7.80654989e-02
 7.95887281e-02 7.95887281e-02 8.14927647e-02 8.14927647e-02
 8.18735720e-02 8.18735720e-02 8.68240670e-02 8.68240670e-02
 8.75856816e-02 8.75856816e-02 8.83472963e-02 8.83472963e-02
 8.87281036e-02 8.94897182e-02 8.94897182e-02 9.63442498e-02
 9.71058644e-02 9.71058644e-02 9.86290937e-02 9.86290937e-02
 1.00152323e-01 1.00152323e-01 1.03198781e-01 1.03960396e-01
 1.05864433e-01 1.06626047e-01 1.07387662e-01 1.07387662e-01
 1.11957350e-01 1.11957350e-01 1.12718964e-01 1.17288652e-01
 1.17288652e-01 1.17669459e-01 1.18050267e-01 1.20715918e-01
 1.20715918e-01 1.21477532e-01 1.21858340e-01 1.21858340e-01
 1.23000762e-01 1.23762376e-01 1.25666413e-01 1.26428027e-01
 1.27570449e-01 1.27570449e-01 1.29855293e-01 1.29855293e-01
 1.30997715e-01 1.30997715e-01 1.38233054e-01 1.38994669e-01
 1.39756283e-01 1.39756283e-01 1.42041127e-01 1.42041127e-01
 1.48514851e-01 1.48514851e-01 1.49276466e-01 1.50418888e-01
 1.51180503e-01 1.54226961e-01 1.54226961e-01 1.59558264e-01
 1.59939071e-01 1.62223915e-01 1.62223915e-01 1.71744097e-01
 1.72505712e-01 1.73267327e-01 1.73267327e-01 1.73648134e-01
 1.74409749e-01 1.75552171e-01 1.75552171e-01 1.77075400e-01
 1.77075400e-01 1.82025895e-01 1.82787510e-01 1.83549124e-01
 1.84310739e-01 1.88118812e-01 1.88880427e-01 1.93450114e-01
 1.94973343e-01 1.96496573e-01 1.97638995e-01 2.02589490e-01
 2.02589490e-01 2.04493526e-01 2.04493526e-01 2.07539985e-01
 2.07539985e-01 2.12109673e-01 2.12109673e-01 2.12490480e-01
 2.13252094e-01 2.13632902e-01 2.13632902e-01 2.14013709e-01
 2.14013709e-01 2.24295506e-01 2.25818736e-01 2.31911653e-01
 2.33434882e-01 2.36481340e-01 2.37242955e-01 2.39527799e-01
 2.40289414e-01 2.44097487e-01 2.44097487e-01 2.44478294e-01
 2.45239909e-01 2.45620716e-01 2.46382331e-01 2.51332826e-01
 2.52094440e-01 2.52475248e-01 2.53236862e-01 2.58187357e-01
 2.58948972e-01 2.59329779e-01 2.60091394e-01 2.70373191e-01
 2.71134806e-01 2.75323686e-01 2.76085301e-01 2.78750952e-01
 2.79512567e-01 2.84463062e-01 2.85224676e-01 2.85605484e-01
 2.85986291e-01 2.86367098e-01 2.87128713e-01 2.87509520e-01
 2.88271135e-01 2.88651942e-01 2.89413557e-01 2.90175171e-01
 2.90936786e-01 2.95887281e-01 2.96268088e-01 2.97029703e-01
 2.97791318e-01 2.99695354e-01 3.00456969e-01 3.00837776e-01
 3.01599391e-01 3.05026657e-01 3.06549886e-01 3.17212490e-01
 3.17974105e-01 3.18354912e-01 3.19116527e-01 3.19116527e-01
 3.21782178e-01 3.22543793e-01 3.24828637e-01 3.25590251e-01
 3.25590251e-01 3.27875095e-01 3.27875095e-01 3.35872049e-01
 3.36633663e-01 3.36633663e-01 3.37776085e-01 3.38156893e-01
 3.38918507e-01 3.40060929e-01 3.40822544e-01 3.43107388e-01
 3.43869002e-01 3.46915461e-01 3.46915461e-01 3.47677075e-01
 3.49961919e-01 3.50723534e-01 3.51104341e-01 3.51865956e-01
 3.51865956e-01 3.54531607e-01 3.55293222e-01 3.57197258e-01
 3.58720487e-01 3.62147753e-01 3.62909368e-01 3.75095202e-01
 3.75476009e-01 3.79284082e-01 3.80045697e-01 3.83092155e-01
 3.84615385e-01 3.88423458e-01 3.88804265e-01 3.92231531e-01
 3.92993145e-01 3.97182026e-01 3.97943641e-01 4.00228484e-01
 4.00228484e-01 4.00990099e-01 4.00990099e-01 4.04036558e-01
 4.04798172e-01 4.07083016e-01 4.07844631e-01 4.10129474e-01
 4.10891089e-01 4.11652704e-01 4.12414318e-01 4.13175933e-01
 4.13937548e-01 4.13937548e-01 4.20792079e-01 4.21553694e-01
 4.21934501e-01 4.22696116e-01 4.23457730e-01 4.24219345e-01
 4.26884996e-01 4.27646611e-01 4.28789033e-01 4.29550647e-01
 4.31835491e-01 4.32216299e-01 4.34501142e-01 4.34501142e-01
 4.35262757e-01 4.36024372e-01 4.44402133e-01 4.45163747e-01
 4.50495050e-01 4.51256664e-01 4.54683930e-01 4.54683930e-01
 4.55826352e-01 4.56587966e-01 4.58872810e-01 4.59634425e-01
 4.62300076e-01 4.63061691e-01 4.69154608e-01 4.69916222e-01
 4.71439452e-01 4.72201066e-01 4.77532369e-01 4.78293983e-01
 4.80198020e-01 4.80198020e-01 4.85529322e-01 4.85529322e-01
 4.87052551e-01 4.89337395e-01 4.89718203e-01 4.90099010e-01
 4.90860625e-01 4.91622239e-01 4.92383854e-01 5.00000000e-01
 5.00761615e-01 5.01904037e-01 5.02665651e-01 5.03808073e-01
 5.04569688e-01 5.07235339e-01 5.07996954e-01 5.13709063e-01
 5.14470678e-01 5.15232292e-01 5.15993907e-01 5.20944402e-01
 5.21706017e-01 5.22467631e-01 5.23229246e-01 5.25514090e-01
 5.27037319e-01 5.27418126e-01 5.28179741e-01 5.28941356e-01
 5.29702970e-01 5.30083778e-01 5.31226200e-01 5.34653465e-01
 5.35415080e-01 5.36557502e-01 5.37319117e-01 5.47220107e-01
 5.47981721e-01 5.51408987e-01 5.52932216e-01 5.54836253e-01
 5.56359482e-01 5.60929170e-01 5.62071592e-01 5.63975628e-01
 5.64737243e-01 5.73495811e-01 5.74257426e-01 5.77684692e-01
 5.78446306e-01 5.81111957e-01 5.81873572e-01 5.84920030e-01
 5.85681645e-01 5.88347296e-01 5.89108911e-01 5.92155369e-01
 5.92916984e-01 5.94440213e-01 5.95201828e-01 5.95582635e-01
 5.95582635e-01 5.96344250e-01 5.97105864e-01 5.98248286e-01
 5.99009901e-01 5.99771516e-01 6.01294745e-01 6.04722011e-01
 6.05483625e-01 6.17669459e-01 6.18431074e-01 6.21096725e-01
 6.21858340e-01 6.25285605e-01 6.26047220e-01 6.33282559e-01
 6.34805788e-01 6.35948210e-01 6.36709825e-01 6.43564356e-01
 6.44325971e-01 6.45468393e-01 6.46230008e-01 6.49657273e-01
 6.50418888e-01 6.53084539e-01 6.53846154e-01 6.64127951e-01
 6.64127951e-01 6.65651181e-01 6.65651181e-01 6.66412795e-01
 6.69459254e-01 6.70220868e-01 6.74790556e-01 6.75552171e-01
 6.75932978e-01 6.76694593e-01 6.80121858e-01 6.81645088e-01
 6.83549124e-01 6.84310739e-01 6.90784463e-01 6.91546078e-01
 6.91926885e-01 6.92688500e-01 6.95734958e-01 6.96496573e-01
 6.98400609e-01 6.99162224e-01 7.01066260e-01 7.01827875e-01
 7.05255141e-01 7.06016756e-01 7.07920792e-01 7.08682407e-01
 7.10205636e-01 7.10967251e-01 7.11728865e-01 7.12490480e-01
 7.14775324e-01 7.15536938e-01 7.16298553e-01 7.17821782e-01
 7.25057121e-01 7.25818736e-01 7.28484387e-01 7.29246002e-01
 7.31150038e-01 7.31911653e-01 7.32673267e-01 7.33434882e-01
 7.34958111e-01 7.35719726e-01 7.42574257e-01 7.43335872e-01
 7.46001523e-01 7.46763138e-01 7.53998477e-01 7.53998477e-01
 7.61995430e-01 7.62757045e-01 7.72277228e-01 7.73038842e-01
 7.74562072e-01 7.75323686e-01 7.75704494e-01 7.77227723e-01
 7.77989337e-01 7.78750952e-01 7.82178218e-01 7.82939832e-01
 7.87128713e-01 7.87890327e-01 7.99695354e-01 8.00456969e-01
 8.14546839e-01 8.15308454e-01 8.29398324e-01 8.30159939e-01
 8.31683168e-01 8.31683168e-01 8.32825590e-01 8.33587205e-01
 8.37776085e-01 8.38537700e-01 8.40441736e-01 8.41203351e-01
 8.47296268e-01 8.48057883e-01 8.61386139e-01 8.62147753e-01
 8.72048743e-01 8.72810358e-01 8.79284082e-01 8.80045697e-01
 8.96039604e-01 8.96801219e-01 9.00228484e-01 9.00990099e-01
 9.02894136e-01 9.03655750e-01 9.08606245e-01 9.09367860e-01
 9.21172887e-01 9.21172887e-01 9.24980960e-01 9.25742574e-01
 9.35262757e-01 9.36024372e-01 9.37166794e-01 9.37928408e-01
 9.45925362e-01 9.46686976e-01 9.47067784e-01 9.47829398e-01
 9.54683930e-01 9.55445545e-01 9.63061691e-01 9.63823305e-01
 9.64965727e-01 9.65727342e-01 9.72201066e-01 9.72962681e-01
 9.78674791e-01 9.79436405e-01 9.82102056e-01 9.82863671e-01
 9.85148515e-01 9.85910129e-01 9.98857578e-01 9.99619193e-01
 1.00000000e+00]","[0.         0.00285307 0.00713267 0.0085592  0.0171184  0.02710414
 0.0299572  0.03851641 0.04136947 0.05135521 0.05420827 0.05706134
 0.05706134 0.06419401 0.06990014 0.07132668 0.07703281 0.07845934
 0.07845934 0.08701854 0.09129815 0.10841655 0.10841655 0.10984308
 0.11269615 0.11982882 0.11982882 0.12125535 0.12125535 0.13409415
 0.13837375 0.13837375 0.14122682 0.14122682 0.14265335 0.14407989
 0.14550642 0.14835949 0.15977175 0.16547789 0.18259629 0.18544936
 0.18687589 0.18830243 0.19543509 0.19543509 0.20542083 0.20542083
 0.20970043 0.20970043 0.2211127  0.22396576 0.22824536 0.23109843
 0.23537803 0.2382311  0.24536377 0.24821683 0.24964337 0.25249643
 0.25677603 0.25677603 0.25820257 0.25820257 0.26248217 0.26533524
 0.26676177 0.26961484 0.28245364 0.2853067  0.30813124 0.31098431
 0.31241084 0.31526391 0.32239658 0.32524964 0.34522111 0.34807418
 0.34950071 0.35520685 0.36091298 0.36376605 0.36661912 0.38801712
 0.39372325 0.39514979 0.39514979 0.40085592 0.40228245 0.41940086
 0.42225392 0.42653352 0.42938659 0.43081312 0.43366619 0.43937233
 0.44222539 0.44365193 0.44650499 0.45791726 0.46077033 0.46219686
 0.46504993 0.47075606 0.47360913 0.4764622  0.48216833 0.49072753
 0.4935806  0.49500713 0.50356633 0.50499287 0.50927247 0.50927247
 0.51212553 0.5149786  0.51640514 0.5192582  0.52068474 0.5235378
 0.52924394 0.532097   0.53780314 0.53780314 0.53922967 0.54208274
 0.54350927 0.54350927 0.54493581 0.54493581 0.54778887 0.54921541
 0.56348074 0.56490728 0.57489301 0.57774608 0.58487874 0.58487874
 0.58773181 0.59058488 0.59343795 0.59629101 0.59771755 0.60199715
 0.60342368 0.60627675 0.60912981 0.62482168 0.62767475 0.62910128
 0.63052782 0.65049929 0.65049929 0.65335235 0.65620542 0.66761769
 0.67047076 0.67760342 0.67760342 0.68045649 0.68045649 0.68616262
 0.68616262 0.69614836 0.69900143 0.70328103 0.70328103 0.70470756
 0.70613409 0.71041369 0.71041369 0.71184023 0.72895863 0.72895863
 0.73751783 0.73751783 0.75606277 0.75606277 0.75891583 0.76034237
 0.76034237 0.76890157 0.76890157 0.77603424 0.7788873  0.78459344
 0.78459344 0.7874465  0.7874465  0.79172611 0.79172611 0.79315264
 0.79457917 0.79457917 0.79885877 0.80171184 0.80313837 0.80313837
 0.80741797 0.80741797 0.81027104 0.81027104 0.81883024 0.81883024
 0.82168331 0.82168331 0.82453638 0.83166904 0.83166904 0.83594864
 0.83594864 0.83737518 0.83737518 0.84022825 0.84022825 0.84022825
 0.84308131 0.84308131 0.84450785 0.84450785 0.84593438 0.84878745
 0.84878745 0.85449358 0.85449358 0.85877318 0.85877318 0.86162625
 0.86162625 0.86590585 0.86875892 0.86875892 0.87018545 0.87018545
 0.87161198 0.87161198 0.87446505 0.87446505 0.87589158 0.87589158
 0.87874465 0.87874465 0.87874465 0.88017118 0.88017118 0.88302425
 0.88445078 0.88445078 0.88587732 0.88587732 0.88587732 0.88730385
 0.88730385 0.88873039 0.88873039 0.88873039 0.89015692 0.89158345
 0.89158345 0.89300999 0.89300999 0.89300999 0.89300999 0.89300999
 0.89728959 0.89728959 0.89871612 0.89871612 0.90156919 0.90156919
 0.90299572 0.90299572 0.90299572 0.90299572 0.90299572 0.90299572
 0.90442225 0.90442225 0.90442225 0.90442225 0.90442225 0.90442225
 0.90442225 0.90584879 0.90584879 0.90727532 0.90727532 0.90727532
 0.90727532 0.90870185 0.90870185 0.91155492 0.91155492 0.91298146
 0.91298146 0.91440799 0.91440799 0.91583452 0.91583452 0.91726106
 0.91726106 0.91726106 0.91868759 0.91868759 0.91868759 0.92011412
 0.92011412 0.92154066 0.92154066 0.92296719 0.92296719 0.92296719
 0.92296719 0.92296719 0.92296719 0.92439372 0.92439372 0.92582026
 0.92582026 0.92582026 0.92867332 0.92867332 0.93009986 0.93009986
 0.93152639 0.93152639 0.93152639 0.93295292 0.93295292 0.93295292
 0.93295292 0.93295292 0.93295292 0.93437946 0.93437946 0.93580599
 0.93580599 0.93723252 0.93723252 0.93723252 0.93723252 0.93865906
 0.93865906 0.94008559 0.94008559 0.94151213 0.94151213 0.94151213
 0.94151213 0.94151213 0.94293866 0.94293866 0.94436519 0.94436519
 0.94721826 0.94721826 0.94721826 0.94721826 0.94864479 0.94864479
 0.94864479 0.94864479 0.95007133 0.95007133 0.95149786 0.95149786
 0.95149786 0.95149786 0.95149786 0.95149786 0.95149786 0.95149786
 0.95149786 0.95149786 0.95149786 0.95149786 0.95292439 0.95292439
 0.95435093 0.95435093 0.95577746 0.95577746 0.95720399 0.95720399
 0.95720399 0.95720399 0.95863053 0.95863053 0.96005706 0.96005706
 0.96005706 0.96005706 0.96005706 0.96005706 0.96005706 0.96005706
 0.96005706 0.96005706 0.96148359 0.96148359 0.96148359 0.96148359
 0.96148359 0.96148359 0.96148359 0.96148359 0.96148359 0.96148359
 0.96148359 0.96291013 0.96291013 0.96291013 0.96291013 0.96291013
 0.96291013 0.96291013 0.96291013 0.96291013 0.96291013 0.96291013
 0.96433666 0.96433666 0.96433666 0.96433666 0.96433666 0.96433666
 0.96433666 0.96433666 0.96433666 0.96433666 0.9657632  0.9657632
 0.9657632  0.9657632  0.9657632  0.9657632  0.9657632  0.9657632
 0.9657632  0.9657632  0.9657632  0.9657632  0.9657632  0.96718973
 0.96718973 0.96718973 0.96718973 0.96718973 0.96861626 0.96861626
 0.9700428  0.9700428  0.9700428  0.97289586 0.97289586 0.97289586
 0.97289586 0.97289586 0.97289586 0.97289586 0.97289586 0.97289586
 0.9743224  0.9743224  0.9743224  0.9743224  0.9743224  0.9743224
 0.97574893 0.97574893 0.97574893 0.97574893 0.97574893 0.97574893
 0.97574893 0.97574893 0.97717546 0.97717546 0.97717546 0.97717546
 0.97717546 0.97717546 0.978602   0.978602   0.978602   0.978602
 0.978602   0.978602   0.98002853 0.98002853 0.98145506 0.98145506
 0.98145506 0.98145506 0.98145506 0.98145506 0.98145506 0.98145506
 0.98145506 0.98145506 0.98145506 0.9828816  0.9828816  0.9828816
 0.9828816  0.9828816  0.9828816  0.9828816  0.9828816  0.9828816
 0.9828816  0.9828816  0.9828816  0.98430813 0.98430813 0.98573466
 0.98573466 0.98573466 0.98573466 0.98573466 0.98573466 0.98573466
 0.98573466 0.9871612  0.9871612  0.9871612  0.9871612  0.9871612
 0.9871612  0.9871612  0.9871612  0.9871612  0.9871612  0.9871612
 0.9871612  0.9871612  0.9871612  0.98858773 0.98858773 0.99001427
 0.99001427 0.99001427 0.9914408  0.9914408  0.9914408  0.9914408
 0.9914408  0.9914408  0.9914408  0.9914408  0.9914408  0.9914408
 0.9914408  0.9914408  0.9914408  0.9914408  0.9914408  0.9914408
 0.9914408  0.9914408  0.9914408  0.9914408  0.9914408  0.9914408
 0.9914408  0.9914408  0.9914408  0.9914408  0.9914408  0.9914408
 0.9914408  0.9914408  0.9914408  0.9914408  0.9914408  0.9914408
 0.9914408  0.9914408  0.9914408  0.9914408  0.9914408  0.9914408
 0.9914408  0.9914408  0.9914408  0.9914408  0.9914408  0.9914408
 0.9914408  0.9914408  0.9914408  0.9914408  0.9914408  0.9914408
 0.9914408  0.9914408  0.9914408  0.9914408  0.9914408  0.9914408
 0.99286733 0.99286733 0.99286733 0.99286733 0.99286733 0.99286733
 0.99286733 0.99286733 0.99286733 0.99286733 0.99286733 0.99286733
 0.99286733 0.99286733 0.99286733 0.99286733 0.99286733 0.99286733
 0.99286733 0.99286733 0.99286733 0.99286733 0.99286733 0.99286733
 0.99286733 0.99286733 0.99286733 0.99286733 0.99429387 0.99429387
 0.9957204  0.9957204  0.9957204  0.9957204  0.9957204  0.9957204
 0.9957204  0.9957204  0.9957204  0.9957204  0.9957204  0.9957204
 0.9957204  0.9957204  0.9957204  0.9957204  0.9957204  0.9957204
 0.9957204  0.9957204  0.9957204  0.9957204  0.9957204  0.9957204
 0.9957204  0.9957204  0.9957204  0.9957204  0.9957204  0.9957204
 0.9957204  0.9957204  0.9957204  0.9957204  0.9957204  0.9957204
 0.9957204  0.9957204  0.9957204  0.9957204  0.9957204  0.9957204
 0.9957204  0.9957204  0.9957204  0.9957204  0.9957204  0.9957204
 0.9957204  0.99714693 0.99714693 0.99714693 0.99714693 0.99714693
 0.99714693 0.99714693 0.99714693 0.99714693 0.99714693 0.99714693
 0.99714693 0.99714693 0.99714693 0.99714693 0.99714693 0.99714693
 0.99714693 0.99714693 0.99714693 0.99714693 0.99714693 0.99857347
 0.99857347 0.99857347 0.99857347 0.99857347 0.99857347 0.99857347
 0.99857347 0.99857347 0.99857347 0.99857347 0.99857347 0.99857347
 0.99857347 0.99857347 0.99857347 0.99857347 0.99857347 0.99857347
 0.99857347 0.99857347 0.99857347 0.99857347 0.99857347 1.
 1.         1.         1.         1.         1.         1.
 1.         1.         1.         1.         1.         1.
 1.         1.         1.         1.         1.         1.
 1.         1.         1.         1.         1.         1.
 1.         1.         1.        ]","[           inf 9.99998093e-01 9.99997973e-01 9.99997854e-01
 9.99997139e-01 9.99994993e-01 9.99994755e-01 9.99990821e-01
 9.99990463e-01 9.99987841e-01 9.99987602e-01 9.99984980e-01
 9.99984026e-01 9.99981880e-01 9.99981523e-01 9.99979973e-01
 9.99978900e-01 9.99977827e-01 9.99976635e-01 9.99971986e-01
 9.99970198e-01 9.99957085e-01 9.99955654e-01 9.99953628e-01
 9.99953270e-01 9.99946475e-01 9.99944806e-01 9.99940157e-01
 9.99939322e-01 9.99924421e-01 9.99920249e-01 9.99918222e-01
 9.99908328e-01 9.99907136e-01 9.99905586e-01 9.99904037e-01
 9.99903202e-01 9.99902487e-01 9.99878168e-01 9.99875069e-01
 9.99856591e-01 9.99851942e-01 9.99850273e-01 9.99849558e-01
 9.99837160e-01 9.99833465e-01 9.99816597e-01 9.99811351e-01
 9.99794424e-01 9.99789059e-01 9.99774635e-01 9.99766648e-01
 9.99764740e-01 9.99762237e-01 9.99742091e-01 9.99740899e-01
 9.99711096e-01 9.99702752e-01 9.99697685e-01 9.99696851e-01
 9.99686956e-01 9.99684691e-01 9.99683857e-01 9.99679327e-01
 9.99673367e-01 9.99672890e-01 9.99666572e-01 9.99658346e-01
 9.99610722e-01 9.99597609e-01 9.99497414e-01 9.99488354e-01
 9.99487042e-01 9.99483228e-01 9.99414206e-01 9.99409795e-01
 9.99355614e-01 9.99353468e-01 9.99343574e-01 9.99308825e-01
 9.99301791e-01 9.99278605e-01 9.99263585e-01 9.99160290e-01
 9.99147654e-01 9.99136150e-01 9.99118745e-01 9.99077082e-01
 9.99075651e-01 9.98904586e-01 9.98900175e-01 9.98874009e-01
 9.98872221e-01 9.98850584e-01 9.98841226e-01 9.98799324e-01
 9.98794436e-01 9.98783529e-01 9.98768747e-01 9.98700023e-01
 9.98680294e-01 9.98653173e-01 9.98615742e-01 9.98570800e-01
 9.98539448e-01 9.98494029e-01 9.98483956e-01 9.98434365e-01
 9.98432338e-01 9.98429000e-01 9.98335421e-01 9.98306036e-01
 9.98216569e-01 9.98206019e-01 9.98167872e-01 9.98156250e-01
 9.98150527e-01 9.98127997e-01 9.98120844e-01 9.98095930e-01
 9.98039901e-01 9.98017430e-01 9.97941792e-01 9.97936010e-01
 9.97917116e-01 9.97887313e-01 9.97875929e-01 9.97822881e-01
 9.97799933e-01 9.97796655e-01 9.97737169e-01 9.97735023e-01
 9.97619808e-01 9.97537494e-01 9.97378826e-01 9.97372985e-01
 9.97272193e-01 9.97265816e-01 9.97244954e-01 9.97206151e-01
 9.97191846e-01 9.97146666e-01 9.97112870e-01 9.97059345e-01
 9.97047603e-01 9.97012258e-01 9.97005641e-01 9.96783495e-01
 9.96694326e-01 9.96689439e-01 9.96682465e-01 9.96250927e-01
 9.96097267e-01 9.96066630e-01 9.96013403e-01 9.95890617e-01
 9.95837569e-01 9.95592654e-01 9.95441318e-01 9.95349467e-01
 9.95211184e-01 9.95089889e-01 9.95082498e-01 9.94813681e-01
 9.94756222e-01 9.94639575e-01 9.94597316e-01 9.94574487e-01
 9.94508445e-01 9.93973196e-01 9.93920445e-01 9.93910789e-01
 9.92961228e-01 9.92836058e-01 9.92182076e-01 9.91946995e-01
 9.89697635e-01 9.89383519e-01 9.89029527e-01 9.88910198e-01
 9.88867998e-01 9.86865580e-01 9.86384690e-01 9.85117435e-01
 9.84398365e-01 9.83656883e-01 9.83216465e-01 9.81796741e-01
 9.81633067e-01 9.78642941e-01 9.76348221e-01 9.76269484e-01
 9.75559056e-01 9.75394368e-01 9.74469781e-01 9.71974552e-01
 9.71399963e-01 9.69551742e-01 9.67842698e-01 9.67424810e-01
 9.66019154e-01 9.64611173e-01 9.62709963e-01 9.59806621e-01
 9.57514584e-01 9.47971582e-01 9.47781861e-01 9.32959378e-01
 9.29106474e-01 9.20386314e-01 9.20263052e-01 9.17983353e-01
 9.04997885e-01 8.97514462e-01 8.96472633e-01 8.95550668e-01
 8.87798309e-01 8.80204380e-01 8.73151183e-01 8.69634569e-01
 8.67049456e-01 8.57950866e-01 8.55236709e-01 8.35161626e-01
 8.33027422e-01 7.78004706e-01 7.69105971e-01 7.56759226e-01
 7.51481473e-01 7.04031944e-01 6.67588174e-01 6.33265674e-01
 6.22165084e-01 5.91986358e-01 5.84164262e-01 5.77166855e-01
 5.40942311e-01 5.29912591e-01 5.22166193e-01 5.15304089e-01
 5.13386607e-01 4.96383190e-01 4.95170951e-01 4.94816840e-01
 4.91763502e-01 4.89164859e-01 4.63190109e-01 4.34855103e-01
 4.29318070e-01 4.05055970e-01 3.99247855e-01 3.98393095e-01
 3.68719518e-01 3.62889588e-01 3.58761042e-01 3.53829861e-01
 3.51329744e-01 3.45943391e-01 3.32321703e-01 3.23030829e-01
 3.22854012e-01 2.30908185e-01 1.95713446e-01 1.87133700e-01
 1.73775837e-01 1.48004711e-01 1.45070121e-01 1.31926268e-01
 1.21245421e-01 1.14808075e-01 1.13691881e-01 8.79629850e-02
 8.79490077e-02 8.57474953e-02 8.08795467e-02 6.27086535e-02
 6.06972724e-02 5.49446195e-02 5.41782156e-02 5.30133396e-02
 5.29724769e-02 4.92741242e-02 4.39142436e-02 4.37590294e-02
 3.93793210e-02 3.85542437e-02 3.83260846e-02 3.81924324e-02
 3.59963514e-02 3.43076177e-02 3.31247002e-02 3.26372832e-02
 3.09982672e-02 2.99984291e-02 2.08897404e-02 2.07190141e-02
 2.05323193e-02 2.04139203e-02 1.92100052e-02 1.89391915e-02
 1.87236331e-02 1.83120053e-02 1.80362724e-02 1.44022014e-02
 1.43750440e-02 1.43392542e-02 1.37143964e-02 1.36087388e-02
 1.28138717e-02 1.26761524e-02 1.15101775e-02 1.14281233e-02
 1.08817937e-02 1.07508870e-02 1.04718283e-02 1.03913145e-02
 9.21285618e-03 9.17605031e-03 9.16738342e-03 8.44831858e-03
 8.41890275e-03 8.36249813e-03 8.34257249e-03 7.69174425e-03
 7.62200728e-03 7.57041667e-03 7.56842503e-03 7.47321313e-03
 7.39505375e-03 7.34660914e-03 7.09601492e-03 7.07509555e-03
 6.99987356e-03 6.99139060e-03 6.76429924e-03 6.75868290e-03
 6.46692328e-03 6.42696396e-03 5.54288179e-03 5.51173557e-03
 5.37847541e-03 5.36536984e-03 5.19875810e-03 5.14803967e-03
 4.81994543e-03 4.81573632e-03 4.77597723e-03 4.71371831e-03
 4.68801288e-03 4.49295947e-03 4.47302777e-03 4.20888746e-03
 4.17465484e-03 4.13081655e-03 4.11281874e-03 3.71358264e-03
 3.70145240e-03 3.69507843e-03 3.67708481e-03 3.64337722e-03
 3.63924121e-03 3.56434775e-03 3.55905085e-03 3.52904643e-03
 3.47607769e-03 3.30832903e-03 3.30574973e-03 3.27990577e-03
 3.27047752e-03 3.14470986e-03 3.14099016e-03 3.01699247e-03
 2.98480783e-03 2.96864915e-03 2.96438835e-03 2.76542245e-03
 2.75893649e-03 2.68746004e-03 2.68463697e-03 2.65145907e-03
 2.64986674e-03 2.48014880e-03 2.46296357e-03 2.45375023e-03
 2.43697967e-03 2.42952094e-03 2.42917100e-03 2.42687133e-03
 2.42554303e-03 2.18282547e-03 2.16407049e-03 2.04290100e-03
 2.03607231e-03 1.98145281e-03 1.96598866e-03 1.88720739e-03
 1.88555254e-03 1.82528526e-03 1.82443566e-03 1.81893934e-03
 1.81680312e-03 1.80201756e-03 1.79814384e-03 1.70567294e-03
 1.69302779e-03 1.69247331e-03 1.69085630e-03 1.62979902e-03
 1.62518141e-03 1.62319199e-03 1.62311620e-03 1.50726771e-03
 1.50374253e-03 1.46840850e-03 1.46762421e-03 1.44462509e-03
 1.44054019e-03 1.38427445e-03 1.38273952e-03 1.38226605e-03
 1.37972052e-03 1.37623097e-03 1.37233071e-03 1.37060415e-03
 1.35994982e-03 1.35836552e-03 1.35794317e-03 1.33815466e-03
 1.33673497e-03 1.27626490e-03 1.27234147e-03 1.26280927e-03
 1.26165745e-03 1.25270430e-03 1.24934455e-03 1.24636607e-03
 1.24600111e-03 1.22151233e-03 1.21735001e-03 1.14133675e-03
 1.13782659e-03 1.13602669e-03 1.13393029e-03 1.13211432e-03
 1.11349486e-03 1.10991485e-03 1.08592783e-03 1.08586578e-03
 1.08558126e-03 1.05762749e-03 1.05414109e-03 1.00827683e-03
 1.00766798e-03 1.00371463e-03 1.00046769e-03 1.00044673e-03
 1.00038433e-03 9.94385569e-04 9.89617431e-04 9.74956958e-04
 9.69674846e-04 9.51661146e-04 9.48345289e-04 9.47238645e-04
 9.35299380e-04 9.32542724e-04 9.23143642e-04 9.22207430e-04
 9.19459504e-04 9.00109997e-04 9.00053419e-04 8.87271250e-04
 8.83580302e-04 8.59015156e-04 8.57251871e-04 7.99928443e-04
 7.99449102e-04 7.81193026e-04 7.80580915e-04 7.66784360e-04
 7.63758668e-04 7.45807542e-04 7.45375524e-04 7.19848438e-04
 7.14993919e-04 6.92866161e-04 6.92201196e-04 6.85315288e-04
 6.84699044e-04 6.78726821e-04 6.76322263e-04 6.68152294e-04
 6.67283311e-04 6.62479841e-04 6.59998215e-04 6.42997387e-04
 6.41391322e-04 6.40124199e-04 6.35028409e-04 6.34006981e-04
 6.29529066e-04 6.29519462e-04 6.04907400e-04 6.01394102e-04
 6.01380947e-04 5.99966559e-04 5.93648176e-04 5.93318080e-04
 5.88659837e-04 5.87772927e-04 5.84909634e-04 5.83729008e-04
 5.76380407e-04 5.74925914e-04 5.72576595e-04 5.70600037e-04
 5.67607174e-04 5.66847622e-04 5.37769520e-04 5.36757347e-04
 5.17253240e-04 5.16423897e-04 5.08460798e-04 5.08077326e-04
 5.03903953e-04 5.03789168e-04 4.97531379e-04 4.95164830e-04
 4.90306295e-04 4.90104896e-04 4.72877000e-04 4.71074454e-04
 4.64611920e-04 4.63373930e-04 4.44904028e-04 4.42804158e-04
 4.28416650e-04 4.26700368e-04 4.13876958e-04 4.13392554e-04
 4.08612628e-04 4.03626967e-04 4.03159764e-04 4.02895967e-04
 4.01389378e-04 3.99310375e-04 3.98322270e-04 3.87069274e-04
 3.86390922e-04 3.80307203e-04 3.79492529e-04 3.78563011e-04
 3.77142889e-04 3.69545247e-04 3.67630564e-04 3.51758703e-04
 3.51238792e-04 3.50178598e-04 3.50081653e-04 3.40080791e-04
 3.39114049e-04 3.34415963e-04 3.34025972e-04 3.30153998e-04
 3.29587288e-04 3.29282309e-04 3.28589900e-04 3.27583053e-04
 3.27426940e-04 3.27251852e-04 3.25317640e-04 3.19004321e-04
 3.17407685e-04 3.16169433e-04 3.15464858e-04 2.96980317e-04
 2.96787272e-04 2.89507618e-04 2.88859970e-04 2.85348127e-04
 2.84409733e-04 2.78614461e-04 2.77075422e-04 2.73673650e-04
 2.73334648e-04 2.56167084e-04 2.54994025e-04 2.51149439e-04
 2.50996236e-04 2.47288030e-04 2.47247255e-04 2.44770607e-04
 2.44262395e-04 2.40029432e-04 2.39833171e-04 2.37021843e-04
 2.36256514e-04 2.34366322e-04 2.34036735e-04 2.32710343e-04
 2.32485036e-04 2.28474659e-04 2.27787750e-04 2.26035088e-04
 2.25325653e-04 2.24934571e-04 2.23844094e-04 2.19679219e-04
 2.18997258e-04 2.05734759e-04 2.05435615e-04 2.01751856e-04
 2.01692223e-04 1.99615286e-04 1.99261965e-04 1.87240294e-04
 1.86638164e-04 1.85156168e-04 1.84305056e-04 1.75443522e-04
 1.75350549e-04 1.73517168e-04 1.73106833e-04 1.70009007e-04
 1.69988736e-04 1.68360333e-04 1.68297251e-04 1.55676709e-04
 1.55455986e-04 1.54403868e-04 1.54396650e-04 1.54301131e-04
 1.48757041e-04 1.48226769e-04 1.43924612e-04 1.43704106e-04
 1.42948746e-04 1.42899007e-04 1.39974145e-04 1.39317155e-04
 1.37504030e-04 1.37028110e-04 1.30678920e-04 1.30135013e-04
 1.30021537e-04 1.29879656e-04 1.28033949e-04 1.27409658e-04
 1.24425831e-04 1.24411599e-04 1.22937941e-04 1.22751342e-04
 1.20377867e-04 1.19754230e-04 1.17484960e-04 1.16809460e-04
 1.15041046e-04 1.14568014e-04 1.13955903e-04 1.13547729e-04
 1.12441274e-04 1.12333037e-04 1.12113659e-04 1.11807894e-04
 1.06723899e-04 1.06668856e-04 1.04205676e-04 1.03725550e-04
 1.03109101e-04 1.02482438e-04 1.02048572e-04 1.00524892e-04
 1.00272235e-04 1.00175042e-04 9.54759889e-05 9.47003573e-05
 9.39015663e-05 9.37781733e-05 8.96227430e-05 8.94209370e-05
 8.25586976e-05 8.23688679e-05 7.72459316e-05 7.70247425e-05
 7.61373958e-05 7.55864385e-05 7.55581859e-05 7.40327378e-05
 7.31396722e-05 7.29330204e-05 7.12123438e-05 7.12073816e-05
 6.87910724e-05 6.86291023e-05 6.29965216e-05 6.29052156e-05
 5.62008281e-05 5.57523817e-05 5.01384129e-05 5.00278511e-05
 4.98748013e-05 4.98009904e-05 4.93628722e-05 4.91415121e-05
 4.79058908e-05 4.78442089e-05 4.74773296e-05 4.73654982e-05
 4.55394838e-05 4.55070985e-05 4.22304147e-05 4.20539509e-05
 3.81383325e-05 3.78322075e-05 3.61864222e-05 3.61648235e-05
 3.21016814e-05 3.17959712e-05 3.06649745e-05 3.04307541e-05
 2.97044553e-05 2.96546132e-05 2.88138635e-05 2.87321491e-05
 2.48912511e-05 2.47432617e-05 2.33793216e-05 2.32862003e-05
 2.02576048e-05 2.02524261e-05 1.99942187e-05 1.99265105e-05
 1.83095999e-05 1.82388103e-05 1.80580009e-05 1.79607578e-05
 1.58389230e-05 1.56528458e-05 1.39713911e-05 1.38250125e-05
 1.37726911e-05 1.33061221e-05 1.14628956e-05 1.13688220e-05
 9.90843000e-06 9.90326225e-06 9.59461158e-06 9.49366313e-06
 8.86770886e-06 8.72610053e-06 2.96931944e-06 2.09777386e-06
 1.94945142e-06]",[0.21070033 0.21076368 0.21089049 ... 1.         1.         1.        ],[1.         1.         1.         ... 0.00713267 0.00285307 0.        ],"[1.9494514e-06 2.0977739e-06 2.9693194e-06 ... 9.9999785e-01 9.9999797e-01
 9.9999809e-01]"
0.5,11,1,256,256,,0,0.5,0.5,0.22847329721602028,25,mean,GATConv,1,256,10,0.9419897805831079,0.8630234208658624,0.8673323823109843,0.8587570621468926,"[0.6090858578681946, 0.6024134159088135, 0.5433666706085205, 0.5393229126930237, 0.5325770974159241, 0.571077823638916, 0.5448417663574219, 0.5158388614654541, 0.5311803221702576, 0.5315356850624084]",0.8987667440950549,0.9636554459791421,"[0.00000000e+00 0.00000000e+00 0.00000000e+00 0.00000000e+00
 0.00000000e+00 0.00000000e+00 0.00000000e+00 0.00000000e+00
 0.00000000e+00 0.00000000e+00 0.00000000e+00 3.80807312e-04
 3.80807312e-04 3.80807312e-04 3.80807312e-04 3.80807312e-04
 3.80807312e-04 7.61614623e-04 7.61614623e-04 7.61614623e-04
 7.61614623e-04 7.61614623e-04 7.61614623e-04 1.14242193e-03
 1.14242193e-03 1.14242193e-03 1.14242193e-03 1.14242193e-03
 1.14242193e-03 1.14242193e-03 1.14242193e-03 1.52322925e-03
 1.52322925e-03 1.52322925e-03 1.52322925e-03 1.52322925e-03
 1.52322925e-03 1.90403656e-03 1.90403656e-03 2.28484387e-03
 2.28484387e-03 2.28484387e-03 2.28484387e-03 2.66565118e-03
 2.66565118e-03 2.66565118e-03 2.66565118e-03 3.04645849e-03
 3.04645849e-03 3.04645849e-03 3.42726580e-03 3.42726580e-03
 3.80807312e-03 3.80807312e-03 3.80807312e-03 3.80807312e-03
 3.80807312e-03 3.80807312e-03 3.80807312e-03 3.80807312e-03
 3.80807312e-03 3.80807312e-03 3.80807312e-03 3.80807312e-03
 4.18888043e-03 4.18888043e-03 4.56968774e-03 4.56968774e-03
 4.56968774e-03 4.56968774e-03 4.56968774e-03 4.56968774e-03
 4.56968774e-03 4.56968774e-03 4.56968774e-03 4.56968774e-03
 4.56968774e-03 4.56968774e-03 4.95049505e-03 4.95049505e-03
 4.95049505e-03 4.95049505e-03 4.95049505e-03 4.95049505e-03
 4.95049505e-03 4.95049505e-03 4.95049505e-03 4.95049505e-03
 4.95049505e-03 5.33130236e-03 5.33130236e-03 5.33130236e-03
 5.33130236e-03 5.33130236e-03 5.71210967e-03 5.71210967e-03
 6.09291698e-03 6.09291698e-03 6.09291698e-03 6.47372430e-03
 6.47372430e-03 6.85453161e-03 6.85453161e-03 7.23533892e-03
 7.23533892e-03 7.23533892e-03 7.23533892e-03 7.23533892e-03
 7.23533892e-03 7.61614623e-03 7.61614623e-03 7.61614623e-03
 7.61614623e-03 7.61614623e-03 7.61614623e-03 7.61614623e-03
 7.61614623e-03 7.61614623e-03 7.99695354e-03 7.99695354e-03
 8.37776085e-03 8.37776085e-03 8.37776085e-03 8.75856816e-03
 8.75856816e-03 8.75856816e-03 9.13937548e-03 9.13937548e-03
 9.52018279e-03 9.52018279e-03 9.90099010e-03 9.90099010e-03
 9.90099010e-03 9.90099010e-03 9.90099010e-03 9.90099010e-03
 9.90099010e-03 9.90099010e-03 1.02817974e-02 1.02817974e-02
 1.02817974e-02 1.06626047e-02 1.06626047e-02 1.14242193e-02
 1.14242193e-02 1.18050267e-02 1.18050267e-02 1.18050267e-02
 1.21858340e-02 1.21858340e-02 1.21858340e-02 1.21858340e-02
 1.21858340e-02 1.21858340e-02 1.21858340e-02 1.21858340e-02
 1.25666413e-02 1.25666413e-02 1.29474486e-02 1.29474486e-02
 1.33282559e-02 1.33282559e-02 1.37090632e-02 1.37090632e-02
 1.40898705e-02 1.40898705e-02 1.44706778e-02 1.44706778e-02
 1.56130998e-02 1.56130998e-02 1.56130998e-02 1.56130998e-02
 1.59939071e-02 1.59939071e-02 1.67555217e-02 1.67555217e-02
 1.75171363e-02 1.75171363e-02 1.82787510e-02 1.82787510e-02
 1.86595583e-02 1.86595583e-02 1.90403656e-02 1.90403656e-02
 1.94211729e-02 1.94211729e-02 2.01827875e-02 2.01827875e-02
 2.05635948e-02 2.05635948e-02 2.09444021e-02 2.09444021e-02
 2.20868241e-02 2.20868241e-02 2.24676314e-02 2.24676314e-02
 2.28484387e-02 2.28484387e-02 2.32292460e-02 2.32292460e-02
 2.36100533e-02 2.36100533e-02 2.43716679e-02 2.43716679e-02
 2.43716679e-02 2.43716679e-02 2.47524752e-02 2.47524752e-02
 2.51332826e-02 2.51332826e-02 2.55140899e-02 2.55140899e-02
 2.62757045e-02 2.62757045e-02 2.66565118e-02 2.66565118e-02
 2.70373191e-02 2.70373191e-02 2.77989337e-02 2.77989337e-02
 2.81797411e-02 2.81797411e-02 2.85605484e-02 2.85605484e-02
 2.93221630e-02 2.93221630e-02 3.00837776e-02 3.08453922e-02
 3.08453922e-02 3.12261995e-02 3.12261995e-02 3.16070069e-02
 3.16070069e-02 3.16070069e-02 3.23686215e-02 3.23686215e-02
 3.35110434e-02 3.42726580e-02 3.46534653e-02 3.54150800e-02
 3.69383092e-02 3.69383092e-02 3.73191165e-02 3.73191165e-02
 3.76999238e-02 3.80807312e-02 3.80807312e-02 3.84615385e-02
 3.92231531e-02 3.99847677e-02 3.99847677e-02 3.99847677e-02
 4.11271896e-02 4.11271896e-02 4.18888043e-02 4.18888043e-02
 4.34120335e-02 4.34120335e-02 4.41736481e-02 4.53160701e-02
 4.53160701e-02 4.56968774e-02 4.56968774e-02 4.83625286e-02
 4.83625286e-02 4.87433359e-02 4.87433359e-02 4.91241432e-02
 4.91241432e-02 4.98857578e-02 5.06473724e-02 5.06473724e-02
 5.10281797e-02 5.10281797e-02 5.48362529e-02 5.48362529e-02
 5.63594821e-02 5.63594821e-02 5.71210967e-02 5.78827113e-02
 5.86443260e-02 6.01675552e-02 6.01675552e-02 6.09291698e-02
 6.24523991e-02 6.32140137e-02 6.47372430e-02 6.51180503e-02
 6.51180503e-02 6.58796649e-02 6.58796649e-02 6.85453161e-02
 6.93069307e-02 7.12109673e-02 7.12109673e-02 7.15917746e-02
 7.15917746e-02 7.23533892e-02 7.23533892e-02 7.27341965e-02
 7.31150038e-02 7.31150038e-02 7.50190404e-02 7.50190404e-02
 7.69230769e-02 7.69230769e-02 7.76846915e-02 7.80654989e-02
 7.88271135e-02 7.88271135e-02 7.92079208e-02 7.99695354e-02
 7.99695354e-02 8.03503427e-02 8.11119573e-02 8.14927647e-02
 8.14927647e-02 8.18735720e-02 8.33968012e-02 8.41584158e-02
 8.45392232e-02 8.94897182e-02 8.94897182e-02 9.06321401e-02
 9.06321401e-02 9.13937548e-02 9.21553694e-02 9.93907083e-02
 9.93907083e-02 1.00152323e-01 1.00152323e-01 1.01294745e-01
 1.02056359e-01 1.03198781e-01 1.03960396e-01 1.09672506e-01
 1.09672506e-01 1.10434120e-01 1.11195735e-01 1.11957350e-01
 1.11957350e-01 1.21858340e-01 1.22619954e-01 1.24904798e-01
 1.25666413e-01 1.27189642e-01 1.27951257e-01 1.34805788e-01
 1.35567403e-01 1.36329018e-01 1.36329018e-01 1.38994669e-01
 1.38994669e-01 1.42802742e-01 1.42802742e-01 1.44325971e-01
 1.45849200e-01 1.54226961e-01 1.54988576e-01 1.57654227e-01
 1.58415842e-01 1.60319878e-01 1.60319878e-01 1.61081493e-01
 1.61843107e-01 1.62985529e-01 1.62985529e-01 1.67936024e-01
 1.68697639e-01 1.75552171e-01 1.76313785e-01 1.79741051e-01
 1.81264280e-01 1.82406702e-01 1.82406702e-01 1.91546078e-01
 1.92307692e-01 1.94973343e-01 1.94973343e-01 1.95734958e-01
 1.98019802e-01 1.98781417e-01 1.99543031e-01 1.99543031e-01
 2.00685453e-01 2.01447068e-01 2.01827875e-01 2.01827875e-01
 2.03731912e-01 2.03731912e-01 2.04112719e-01 2.04112719e-01
 2.06397563e-01 2.06397563e-01 2.07159177e-01 2.07159177e-01
 2.12871287e-01 2.12871287e-01 2.14394516e-01 2.15917746e-01
 2.16298553e-01 2.21629855e-01 2.21629855e-01 2.22391470e-01
 2.22772277e-01 2.23533892e-01 2.25437928e-01 2.25437928e-01
 2.25818736e-01 2.25818736e-01 2.28103580e-01 2.28865194e-01
 2.30769231e-01 2.31530845e-01 2.35338919e-01 2.36100533e-01
 2.37242955e-01 2.38004570e-01 2.39146992e-01 2.39908606e-01
 2.42193450e-01 2.42955065e-01 2.43335872e-01 2.43716679e-01
 2.44478294e-01 2.45620716e-01 2.47143945e-01 2.47905560e-01
 2.49047982e-01 2.49809596e-01 2.50952018e-01 2.51713633e-01
 2.52856055e-01 2.52856055e-01 2.56664128e-01 2.57425743e-01
 2.61614623e-01 2.62376238e-01 2.73419650e-01 2.74181264e-01
 2.76846915e-01 2.77608530e-01 2.78370145e-01 2.79893374e-01
 2.81416603e-01 2.82178218e-01 2.85986291e-01 2.85986291e-01
 2.86747906e-01 2.87509520e-01 2.99695354e-01 2.99695354e-01
 3.01980198e-01 3.03503427e-01 3.07311500e-01 3.07311500e-01
 3.08834730e-01 3.09977152e-01 3.10738766e-01 3.11500381e-01
 3.12261995e-01 3.12261995e-01 3.14546839e-01 3.15308454e-01
 3.17212490e-01 3.17974105e-01 3.22162986e-01 3.22924600e-01
 3.24067022e-01 3.24828637e-01 3.25209444e-01 3.25971059e-01
 3.28255903e-01 3.29017517e-01 3.32444783e-01 3.32444783e-01
 3.33206398e-01 3.33968012e-01 3.36252856e-01 3.37014471e-01
 3.38156893e-01 3.38918507e-01 3.40441736e-01 3.41203351e-01
 3.45773039e-01 3.46534653e-01 3.51104341e-01 3.51865956e-01
 3.53389185e-01 3.54150800e-01 3.57197258e-01 3.58720487e-01
 3.61386139e-01 3.62147753e-01 3.62909368e-01 3.63670982e-01
 3.66717441e-01 3.67479056e-01 3.67859863e-01 3.68621478e-01
 3.72429551e-01 3.72810358e-01 3.75856816e-01 3.76618431e-01
 3.80426504e-01 3.81188119e-01 3.82330541e-01 3.84615385e-01
 3.92231531e-01 3.92993145e-01 3.97182026e-01 3.97943641e-01
 3.99847677e-01 3.99847677e-01 4.00609292e-01 4.04036558e-01
 4.04798172e-01 4.06702209e-01 4.07083016e-01 4.09367860e-01
 4.10129474e-01 4.21553694e-01 4.22315308e-01 4.23457730e-01
 4.24219345e-01 4.28027418e-01 4.28789033e-01 4.29550647e-01
 4.29550647e-01 4.32597106e-01 4.33358720e-01 4.35262757e-01
 4.36024372e-01 4.37166794e-01 4.37166794e-01 4.37547601e-01
 4.38309216e-01 4.40974867e-01 4.41736481e-01 4.46306169e-01
 4.47067784e-01 4.51256664e-01 4.51637471e-01 4.52018279e-01
 4.52779893e-01 4.56207159e-01 4.56968774e-01 4.62300076e-01
 4.63061691e-01 4.63823305e-01 4.63823305e-01 4.64584920e-01
 4.66488957e-01 4.67250571e-01 4.68392993e-01 4.69154608e-01
 4.71058644e-01 4.71058644e-01 4.72201066e-01 4.72962681e-01
 4.76770754e-01 4.77151561e-01 4.84767708e-01 4.85529322e-01
 4.85910129e-01 4.86671744e-01 4.87433359e-01 4.88194973e-01
 4.90479817e-01 4.91241432e-01 4.96191927e-01 4.96953542e-01
 4.97715156e-01 4.97715156e-01 4.98857578e-01 4.99619193e-01
 5.01142422e-01 5.01904037e-01 5.03046458e-01 5.03046458e-01
 5.03808073e-01 5.04569688e-01 5.07996954e-01 5.07996954e-01
 5.11043412e-01 5.11805027e-01 5.12566641e-01 5.13328256e-01
 5.16755522e-01 5.18278751e-01 5.19801980e-01 5.19801980e-01
 5.22467631e-01 5.23229246e-01 5.23610053e-01 5.24371668e-01
 5.33511043e-01 5.34272658e-01 5.36176695e-01 5.36176695e-01
 5.36557502e-01 5.37319117e-01 5.39603960e-01 5.40365575e-01
 5.42650419e-01 5.43412034e-01 5.46458492e-01 5.47220107e-01
 5.54836253e-01 5.55597867e-01 5.65498858e-01 5.66260472e-01
 5.66641280e-01 5.67783701e-01 5.69306931e-01 5.70068545e-01
 5.75019040e-01 5.75019040e-01 5.76161462e-01 5.76542270e-01
 5.77303884e-01 5.77303884e-01 5.81873572e-01 5.81873572e-01
 5.82254379e-01 5.83015994e-01 5.89489718e-01 5.90251333e-01
 5.90632140e-01 5.91393755e-01 5.95201828e-01 5.95963442e-01
 6.02437167e-01 6.03198781e-01 6.11576542e-01 6.12338157e-01
 6.15765423e-01 6.16527037e-01 6.18811881e-01 6.19573496e-01
 6.21477532e-01 6.23000762e-01 6.26808835e-01 6.28332064e-01
 6.29093679e-01 6.29855293e-01 6.34805788e-01 6.35567403e-01
 6.42421935e-01 6.43183549e-01 6.46610815e-01 6.47372430e-01
 6.53465347e-01 6.54226961e-01 6.59939071e-01 6.60700685e-01
 6.61081493e-01 6.61843107e-01 6.62604722e-01 6.63366337e-01
 6.67936024e-01 6.68697639e-01 6.73648134e-01 6.74409749e-01
 6.84310739e-01 6.85072353e-01 6.85833968e-01 6.86595583e-01
 6.87357197e-01 6.87738005e-01 6.91546078e-01 6.92307692e-01
 6.94211729e-01 6.94973343e-01 6.96496573e-01 6.97258187e-01
 6.99543031e-01 7.00304646e-01 7.01827875e-01 7.02589490e-01
 7.03351104e-01 7.04874334e-01 7.06778370e-01 7.06778370e-01
 7.08682407e-01 7.09824829e-01 7.10205636e-01 7.10967251e-01
 7.24676314e-01 7.25437928e-01 7.27722772e-01 7.28484387e-01
 7.31530845e-01 7.32292460e-01 7.32673267e-01 7.32673267e-01
 7.33815689e-01 7.34577304e-01 7.37242955e-01 7.38004570e-01
 7.47905560e-01 7.48667174e-01 7.63518660e-01 7.64280274e-01
 7.68849962e-01 7.69611577e-01 7.79893374e-01 7.80654989e-01
 7.88651942e-01 7.89032749e-01 7.90936786e-01 7.91698401e-01
 7.92079208e-01 7.93602437e-01 7.97029703e-01 7.97791318e-01
 8.00837776e-01 8.01599391e-01 8.05407464e-01 8.06169078e-01
 8.06549886e-01 8.07311500e-01 8.14166032e-01 8.14927647e-01
 8.18354912e-01 8.19116527e-01 8.24828637e-01 8.25590251e-01
 8.32825590e-01 8.33587205e-01 8.46153846e-01 8.46915461e-01
 8.49581112e-01 8.50342727e-01 8.53769992e-01 8.54531607e-01
 8.56435644e-01 8.57197258e-01 8.58720487e-01 8.59482102e-01
 8.64432597e-01 8.65194212e-01 8.67098248e-01 8.67859863e-01
 8.69383092e-01 8.70144707e-01 8.81949733e-01 8.82711348e-01
 8.88423458e-01 8.89185072e-01 8.90327494e-01 8.91089109e-01
 8.99847677e-01 9.00609292e-01 9.08225438e-01 9.08987053e-01
 9.10129474e-01 9.10891089e-01 9.13175933e-01 9.13937548e-01
 9.15460777e-01 9.16222391e-01 9.24980960e-01 9.25742574e-01
 9.30693069e-01 9.31454684e-01 9.33358720e-01 9.34120335e-01
 9.39832445e-01 9.40594059e-01 9.53922315e-01 9.54683930e-01
 9.67631379e-01 9.68392993e-01 9.72201066e-01 9.72962681e-01
 9.85148515e-01 9.85910129e-01 9.94287890e-01 9.95049505e-01
 1.00000000e+00]","[0.         0.00142653 0.00998573 0.0128388  0.01426534 0.01854494
 0.02425107 0.02710414 0.0299572  0.03281027 0.03708987 0.03708987
 0.03994294 0.04279601 0.04850214 0.05278174 0.05420827 0.05420827
 0.05563481 0.06419401 0.06847361 0.07132668 0.07275321 0.07417974
 0.08844508 0.09129815 0.09985735 0.10556348 0.11269615 0.11554922
 0.12125535 0.12125535 0.12410842 0.12696148 0.13552068 0.13837375
 0.16119829 0.16119829 0.16262482 0.16262482 0.16975749 0.17403709
 0.17689016 0.17831669 0.18544936 0.18830243 0.19115549 0.19115549
 0.19400856 0.19828816 0.19971469 0.20114123 0.20114123 0.20684736
 0.20970043 0.2125535  0.21540656 0.22824536 0.23109843 0.23537803
 0.2382311  0.23965763 0.2425107  0.24536377 0.24536377 0.25392297
 0.25392297 0.2681883  0.27104137 0.27389444 0.2767475  0.27817404
 0.2810271  0.29101284 0.29386591 0.30099857 0.30385164 0.30670471
 0.30670471 0.31383738 0.31669044 0.33380884 0.33951498 0.34522111
 0.34807418 0.35378031 0.35663338 0.37089872 0.37945792 0.38088445
 0.38373752 0.38659058 0.39087019 0.39657632 0.39657632 0.40085592
 0.40228245 0.41084165 0.41369472 0.41369472 0.41940086 0.41940086
 0.42510699 0.42653352 0.43366619 0.43651926 0.43794579 0.44079886
 0.45506419 0.45649073 0.46077033 0.4636234  0.46504993 0.47075606
 0.4764622  0.48216833 0.51212553 0.5149786  0.51640514 0.5192582
 0.5192582  0.52924394 0.532097   0.53352354 0.5363766  0.56633381
 0.56633381 0.56918688 0.57061341 0.57917261 0.58059914 0.58915835
 0.59201141 0.59629101 0.59914408 0.60770328 0.61055635 0.61626248
 0.61768902 0.62054208 0.63052782 0.63195435 0.63338088 0.63338088
 0.63908702 0.64051355 0.64194009 0.64479315 0.64621969 0.66333809
 0.66619116 0.66904422 0.67189729 0.67332382 0.67617689 0.68188302
 0.68188302 0.68758916 0.68758916 0.71611983 0.71611983 0.7275321
 0.7275321  0.7446505  0.74607703 0.7489301  0.7489301  0.75178317
 0.75178317 0.76462197 0.76747504 0.7703281  0.7703281  0.77318117
 0.77318117 0.77603424 0.77603424 0.77746077 0.77746077 0.7788873
 0.7788873  0.78174037 0.78174037 0.79029957 0.79029957 0.79315264
 0.79315264 0.79600571 0.79600571 0.79743224 0.79743224 0.79885877
 0.79885877 0.80599144 0.80599144 0.80741797 0.80741797 0.80884451
 0.80884451 0.81027104 0.81027104 0.81169757 0.81169757 0.81312411
 0.81597718 0.81883024 0.81883024 0.82025678 0.82025678 0.82738944
 0.82738944 0.82881598 0.82881598 0.83024251 0.83024251 0.83166904
 0.83166904 0.83309558 0.83309558 0.83594864 0.83594864 0.83880171
 0.83880171 0.84022825 0.84022825 0.84165478 0.84165478 0.84165478
 0.84736091 0.84736091 0.84878745 0.85021398 0.85306705 0.85449358
 0.85449358 0.85734665 0.85734665 0.85734665 0.85734665 0.85734665
 0.85734665 0.85877318 0.85877318 0.86019971 0.86019971 0.86162625
 0.86733238 0.86733238 0.87018545 0.87018545 0.87161198 0.87446505
 0.87446505 0.87589158 0.87589158 0.87731812 0.87731812 0.87874465
 0.87874465 0.87874465 0.88017118 0.88159772 0.88445078 0.88445078
 0.88587732 0.88587732 0.89015692 0.89015692 0.89158345 0.89158345
 0.89158345 0.89443652 0.89443652 0.89586305 0.89586305 0.89728959
 0.89728959 0.89871612 0.89871612 0.89871612 0.89871612 0.89871612
 0.90014265 0.90014265 0.90014265 0.90014265 0.90014265 0.90014265
 0.90156919 0.90156919 0.90299572 0.90299572 0.90299572 0.90299572
 0.90442225 0.90442225 0.90727532 0.90727532 0.90870185 0.91012839
 0.91012839 0.91155492 0.91155492 0.91440799 0.91440799 0.91583452
 0.91583452 0.91583452 0.91583452 0.91726106 0.91726106 0.91726106
 0.91868759 0.91868759 0.91868759 0.91868759 0.92011412 0.92011412
 0.92011412 0.92011412 0.92154066 0.92154066 0.92296719 0.92296719
 0.92439372 0.92439372 0.92439372 0.92439372 0.92582026 0.92582026
 0.92724679 0.92724679 0.92724679 0.92724679 0.92724679 0.92724679
 0.92867332 0.92867332 0.92867332 0.92867332 0.93009986 0.93009986
 0.93009986 0.93009986 0.93009986 0.93009986 0.93009986 0.93009986
 0.93009986 0.93009986 0.93152639 0.93152639 0.93437946 0.93437946
 0.93580599 0.93580599 0.93580599 0.93580599 0.93580599 0.93580599
 0.93580599 0.93580599 0.93723252 0.93723252 0.93723252 0.93723252
 0.93865906 0.93865906 0.93865906 0.93865906 0.93865906 0.93865906
 0.93865906 0.93865906 0.94008559 0.94008559 0.94008559 0.94008559
 0.94151213 0.94151213 0.94151213 0.94151213 0.94151213 0.94293866
 0.94293866 0.94293866 0.94293866 0.94436519 0.94436519 0.94579173
 0.94579173 0.94864479 0.94864479 0.95007133 0.95007133 0.95149786
 0.95149786 0.95292439 0.95292439 0.95292439 0.95435093 0.95435093
 0.95577746 0.95577746 0.95577746 0.95577746 0.95577746 0.95720399
 0.95720399 0.95863053 0.95863053 0.95863053 0.95863053 0.95863053
 0.95863053 0.95863053 0.95863053 0.95863053 0.95863053 0.95863053
 0.95863053 0.95863053 0.95863053 0.96005706 0.96005706 0.96005706
 0.96005706 0.96005706 0.96005706 0.96005706 0.96005706 0.96005706
 0.96005706 0.96148359 0.96148359 0.96148359 0.96148359 0.96148359
 0.96148359 0.96148359 0.96148359 0.96148359 0.96148359 0.96148359
 0.96148359 0.96148359 0.96148359 0.96291013 0.96291013 0.96291013
 0.96291013 0.96433666 0.96433666 0.96433666 0.96433666 0.9657632
 0.9657632  0.9657632  0.9657632  0.9657632  0.9657632  0.96718973
 0.96718973 0.96718973 0.96718973 0.96718973 0.96718973 0.96718973
 0.96718973 0.96718973 0.96718973 0.96718973 0.96718973 0.96718973
 0.96718973 0.96861626 0.96861626 0.96861626 0.96861626 0.96861626
 0.96861626 0.96861626 0.96861626 0.96861626 0.96861626 0.96861626
 0.96861626 0.96861626 0.96861626 0.96861626 0.96861626 0.96861626
 0.96861626 0.96861626 0.96861626 0.96861626 0.96861626 0.96861626
 0.96861626 0.96861626 0.96861626 0.9700428  0.9700428  0.9700428
 0.9700428  0.9700428  0.9700428  0.9700428  0.9700428  0.9700428
 0.9700428  0.9700428  0.9700428  0.97146933 0.97146933 0.97146933
 0.97146933 0.97146933 0.97289586 0.97289586 0.97289586 0.97289586
 0.97289586 0.97289586 0.97289586 0.97289586 0.97289586 0.97289586
 0.9743224  0.9743224  0.9743224  0.9743224  0.9743224  0.9743224
 0.97574893 0.97574893 0.97574893 0.97574893 0.97574893 0.97574893
 0.97574893 0.97574893 0.97717546 0.97717546 0.97717546 0.97717546
 0.97717546 0.97717546 0.97717546 0.97717546 0.978602   0.978602
 0.978602   0.978602   0.978602   0.978602   0.978602   0.98002853
 0.98002853 0.98002853 0.98002853 0.98145506 0.98145506 0.98145506
 0.98145506 0.98145506 0.98145506 0.98145506 0.98145506 0.98145506
 0.98145506 0.98145506 0.98145506 0.9828816  0.9828816  0.9828816
 0.9828816  0.9828816  0.9828816  0.98430813 0.98430813 0.98430813
 0.98430813 0.98573466 0.98573466 0.98573466 0.98573466 0.98573466
 0.98573466 0.98573466 0.98573466 0.9871612  0.9871612  0.9871612
 0.9871612  0.9871612  0.9871612  0.9871612  0.9871612  0.98858773
 0.98858773 0.98858773 0.98858773 0.98858773 0.98858773 0.98858773
 0.98858773 0.98858773 0.98858773 0.98858773 0.98858773 0.98858773
 0.98858773 0.98858773 0.98858773 0.98858773 0.98858773 0.99001427
 0.99001427 0.9914408  0.9914408  0.99286733 0.99286733 0.99429387
 0.99429387 0.99429387 0.99429387 0.99429387 0.99429387 0.99429387
 0.99429387 0.99429387 0.99429387 0.99429387 0.99429387 0.99429387
 0.99429387 0.99429387 0.99429387 0.99429387 0.99429387 0.99429387
 0.99429387 0.99429387 0.99429387 0.99429387 0.99429387 0.99429387
 0.99429387 0.99429387 0.99429387 0.99429387 0.99429387 0.99429387
 0.99429387 0.99429387 0.99429387 0.99429387 0.99429387 0.99429387
 0.99429387 0.99429387 0.99429387 0.99429387 0.99429387 0.99429387
 0.99429387 0.99429387 0.99429387 0.9957204  0.9957204  0.9957204
 0.9957204  0.9957204  0.9957204  0.9957204  0.9957204  0.9957204
 0.9957204  0.9957204  0.9957204  0.9957204  0.9957204  0.99714693
 0.99714693 0.99714693 0.99714693 0.99714693 0.99714693 0.99714693
 0.99714693 0.99714693 0.99714693 0.99714693 0.99714693 0.99857347
 0.99857347 0.99857347 0.99857347 0.99857347 0.99857347 0.99857347
 0.99857347 0.99857347 0.99857347 0.99857347 0.99857347 0.99857347
 0.99857347 1.         1.         1.         1.         1.
 1.         1.         1.         1.         1.         1.
 1.         1.         1.         1.         1.         1.
 1.         1.         1.         1.         1.         1.
 1.         1.         1.         1.         1.         1.
 1.         1.         1.         1.         1.         1.
 1.         1.         1.         1.         1.         1.
 1.         1.         1.         1.         1.         1.
 1.         1.         1.         1.         1.         1.
 1.         1.         1.         1.         1.         1.
 1.         1.         1.         1.         1.         1.
 1.         1.         1.         1.         1.         1.
 1.        ]","[           inf 9.99998450e-01 9.99997377e-01 9.99997258e-01
 9.99996066e-01 9.99995351e-01 9.99993563e-01 9.99993086e-01
 9.99992251e-01 9.99991894e-01 9.99990225e-01 9.99989867e-01
 9.99988794e-01 9.99988556e-01 9.99984503e-01 9.99983311e-01
 9.99983191e-01 9.99982595e-01 9.99981761e-01 9.99978304e-01
 9.99976277e-01 9.99974966e-01 9.99973893e-01 9.99973059e-01
 9.99961853e-01 9.99957919e-01 9.99949336e-01 9.99945879e-01
 9.99940515e-01 9.99938726e-01 9.99934912e-01 9.99932885e-01
 9.99928713e-01 9.99927759e-01 9.99923825e-01 9.99921679e-01
 9.99899626e-01 9.99898911e-01 9.99895811e-01 9.99895334e-01
 9.99885798e-01 9.99884844e-01 9.99876618e-01 9.99874711e-01
 9.99867558e-01 9.99866843e-01 9.99858141e-01 9.99857783e-01
 9.99856710e-01 9.99848127e-01 9.99847174e-01 9.99844551e-01
 9.99841571e-01 9.99835610e-01 9.99829054e-01 9.99824703e-01
 9.99823868e-01 9.99786198e-01 9.99782979e-01 9.99782026e-01
 9.99779046e-01 9.99778688e-01 9.99775231e-01 9.99751270e-01
 9.99745905e-01 9.99720275e-01 9.99719083e-01 9.99690175e-01
 9.99688864e-01 9.99675989e-01 9.99674678e-01 9.99669313e-01
 9.99663591e-01 9.99637008e-01 9.99634624e-01 9.99576509e-01
 9.99575913e-01 9.99565303e-01 9.99542832e-01 9.99529600e-01
 9.99528766e-01 9.99458969e-01 9.99449551e-01 9.99384403e-01
 9.99380827e-01 9.99356210e-01 9.99353468e-01 9.99264061e-01
 9.99255240e-01 9.99240756e-01 9.99206126e-01 9.99205530e-01
 9.99195158e-01 9.99180138e-01 9.99178231e-01 9.99137998e-01
 9.99128282e-01 9.99059975e-01 9.99059379e-01 9.99055088e-01
 9.98951435e-01 9.98947561e-01 9.98911738e-01 9.98906612e-01
 9.98848438e-01 9.98845816e-01 9.98835742e-01 9.98818219e-01
 9.98694360e-01 9.98690665e-01 9.98677194e-01 9.98666644e-01
 9.98663425e-01 9.98610020e-01 9.98584747e-01 9.98558700e-01
 9.98276949e-01 9.98248696e-01 9.98226583e-01 9.98207808e-01
 9.98203516e-01 9.98053551e-01 9.98021483e-01 9.97997701e-01
 9.97993469e-01 9.97686148e-01 9.97578800e-01 9.97574747e-01
 9.97561455e-01 9.97445464e-01 9.97435153e-01 9.97280717e-01
 9.97269928e-01 9.97193396e-01 9.97139335e-01 9.96947348e-01
 9.96942818e-01 9.96764183e-01 9.96667922e-01 9.96660590e-01
 9.96588826e-01 9.96550202e-01 9.96544778e-01 9.96506274e-01
 9.96351480e-01 9.96277988e-01 9.96238828e-01 9.96090114e-01
 9.96041417e-01 9.95601535e-01 9.95584428e-01 9.95354891e-01
 9.95346725e-01 9.95323360e-01 9.95288491e-01 9.95030999e-01
 9.95019078e-01 9.94885385e-01 9.94829834e-01 9.93559361e-01
 9.93545949e-01 9.92917955e-01 9.92916465e-01 9.91620541e-01
 9.91443574e-01 9.91170824e-01 9.90902603e-01 9.90622103e-01
 9.90367532e-01 9.88933921e-01 9.88771975e-01 9.87288237e-01
 9.86399531e-01 9.85653281e-01 9.84947085e-01 9.84276056e-01
 9.83746946e-01 9.83492851e-01 9.83284116e-01 9.82981384e-01
 9.82925415e-01 9.82064664e-01 9.81635928e-01 9.80879605e-01
 9.80532765e-01 9.79009867e-01 9.78297114e-01 9.77284312e-01
 9.77264166e-01 9.77174819e-01 9.77095962e-01 9.75554287e-01
 9.72335994e-01 9.68514383e-01 9.68211114e-01 9.60411012e-01
 9.58906174e-01 9.56773698e-01 9.55403805e-01 9.53484833e-01
 9.51578498e-01 9.51182842e-01 9.47171032e-01 9.45140541e-01
 9.40561235e-01 9.35242057e-01 9.33969319e-01 9.33457077e-01
 9.32218909e-01 9.25378084e-01 9.25092876e-01 9.24282730e-01
 9.20763433e-01 9.20523167e-01 9.14620876e-01 9.08908844e-01
 9.05765235e-01 9.04501259e-01 9.01817083e-01 8.98406386e-01
 8.89982641e-01 8.80087733e-01 8.74544561e-01 8.70128334e-01
 8.56541514e-01 8.33993375e-01 8.14992905e-01 8.08056295e-01
 7.83901751e-01 7.83043623e-01 7.64539897e-01 7.46122420e-01
 7.24275351e-01 7.02411950e-01 6.90758884e-01 6.66026771e-01
 6.31159484e-01 6.31054461e-01 6.15621328e-01 6.12225056e-01
 5.58540404e-01 5.41943014e-01 5.31100988e-01 5.27500093e-01
 5.26802123e-01 5.06671309e-01 5.00027120e-01 4.97012109e-01
 4.91688490e-01 4.74981368e-01 4.73217756e-01 4.73128378e-01
 4.59881127e-01 4.57373857e-01 4.53867614e-01 4.43651825e-01
 4.26746190e-01 4.23004717e-01 4.22457218e-01 3.99731934e-01
 3.93061846e-01 3.88877094e-01 3.81959915e-01 3.35201621e-01
 3.32613230e-01 3.30975324e-01 3.06831419e-01 3.05115193e-01
 2.75995165e-01 2.74899304e-01 2.55309552e-01 2.39240110e-01
 2.34505445e-01 2.34399855e-01 1.64745703e-01 1.54071435e-01
 1.42483309e-01 1.33193582e-01 1.26663581e-01 1.23069689e-01
 1.16700418e-01 1.03144750e-01 9.81037095e-02 9.69875306e-02
 9.27733704e-02 8.72186050e-02 8.31774324e-02 7.95415565e-02
 7.91365057e-02 7.62957707e-02 7.62727708e-02 6.35565370e-02
 6.31572679e-02 5.49079701e-02 5.19292913e-02 5.15907407e-02
 5.08461185e-02 5.08170985e-02 4.76492010e-02 4.72490266e-02
 4.58031707e-02 4.50208709e-02 3.69499475e-02 3.52565870e-02
 3.02643199e-02 2.87694074e-02 2.79443711e-02 2.61481423e-02
 2.57922299e-02 2.56342255e-02 2.49833055e-02 2.48029977e-02
 2.41370481e-02 2.38410756e-02 2.36192383e-02 2.33462248e-02
 2.26575490e-02 2.25174315e-02 2.23162007e-02 2.20167506e-02
 2.15422623e-02 1.75097063e-02 1.63726099e-02 1.59543976e-02
 1.58892777e-02 1.53329335e-02 1.52663402e-02 1.22618703e-02
 1.22478623e-02 1.21398708e-02 1.17696598e-02 1.15010180e-02
 1.13352267e-02 1.06915738e-02 1.06422137e-02 8.94808955e-03
 8.89020879e-03 8.61285161e-03 8.59478116e-03 8.39260407e-03
 8.35448224e-03 6.54129451e-03 6.49629673e-03 6.37637638e-03
 6.32132776e-03 6.13637595e-03 6.08953647e-03 5.56868874e-03
 5.48996171e-03 5.46207651e-03 5.44262445e-03 5.28101297e-03
 5.26276138e-03 4.97124484e-03 4.95475670e-03 4.84138075e-03
 4.81484085e-03 4.41426691e-03 4.39139595e-03 4.19110432e-03
 4.18805890e-03 4.10618586e-03 4.08877619e-03 4.06296924e-03
 4.06081835e-03 4.04102821e-03 4.01049899e-03 3.84304952e-03
 3.83577426e-03 3.59115843e-03 3.57510778e-03 3.48706101e-03
 3.47127626e-03 3.42644192e-03 3.42301931e-03 3.16751585e-03
 3.13251512e-03 3.00055183e-03 2.93507753e-03 2.91915238e-03
 2.86527397e-03 2.85515445e-03 2.83038896e-03 2.79004825e-03
 2.75784265e-03 2.75747012e-03 2.74920347e-03 2.74430146e-03
 2.70801736e-03 2.69041653e-03 2.68996228e-03 2.68429238e-03
 2.63877120e-03 2.58841761e-03 2.56362488e-03 2.54874420e-03
 2.47011939e-03 2.45143590e-03 2.42413930e-03 2.37642857e-03
 2.37226859e-03 2.24431977e-03 2.24375399e-03 2.23942078e-03
 2.22952641e-03 2.22029281e-03 2.17124494e-03 2.13191984e-03
 2.11280491e-03 2.11248943e-03 2.03686417e-03 2.03494774e-03
 2.01543048e-03 2.01201695e-03 1.96393044e-03 1.95862795e-03
 1.94144819e-03 1.94124028e-03 1.91899645e-03 1.91414193e-03
 1.87464582e-03 1.87215372e-03 1.86508149e-03 1.85960543e-03
 1.85365393e-03 1.84436771e-03 1.82465557e-03 1.82130374e-03
 1.79440342e-03 1.78638252e-03 1.77546171e-03 1.76924584e-03
 1.75543560e-03 1.75468717e-03 1.71528815e-03 1.71240908e-03
 1.63393735e-03 1.63262349e-03 1.51459023e-03 1.50170631e-03
 1.48105517e-03 1.47714093e-03 1.46693958e-03 1.46526913e-03
 1.45460851e-03 1.44757691e-03 1.38923689e-03 1.37684983e-03
 1.36909063e-03 1.36429758e-03 1.28006679e-03 1.27868622e-03
 1.25320791e-03 1.23809197e-03 1.22015120e-03 1.21903024e-03
 1.20144384e-03 1.19729445e-03 1.19048648e-03 1.18687795e-03
 1.17833249e-03 1.17411127e-03 1.16289547e-03 1.15902221e-03
 1.14256865e-03 1.14204315e-03 1.10088731e-03 1.09679543e-03
 1.08606741e-03 1.08306296e-03 1.08165294e-03 1.08038727e-03
 1.07052515e-03 1.06776645e-03 1.05086877e-03 1.04952860e-03
 1.04370166e-03 1.04159536e-03 1.03214942e-03 1.03075209e-03
 1.02816883e-03 1.02738931e-03 1.00984471e-03 1.00951816e-03
 9.81126563e-04 9.80871846e-04 9.47390683e-04 9.46408138e-04
 9.38808545e-04 9.31731891e-04 9.21578030e-04 9.16365650e-04
 8.92972399e-04 8.91103817e-04 8.88219918e-04 8.86097318e-04
 8.66398157e-04 8.65782902e-04 8.63490568e-04 8.60199973e-04
 8.44838389e-04 8.43574584e-04 8.24850285e-04 8.20987101e-04
 8.06816039e-04 8.06214230e-04 7.95967295e-04 7.83418247e-04
 7.56386376e-04 7.55607616e-04 7.21962017e-04 7.21947290e-04
 7.09120766e-04 7.07680476e-04 7.04461010e-04 6.94523507e-04
 6.94283284e-04 6.80352678e-04 6.80290745e-04 6.72471360e-04
 6.72260590e-04 6.37228601e-04 6.37002988e-04 6.35249366e-04
 6.31914008e-04 6.24677166e-04 6.22036925e-04 6.15610916e-04
 6.13293902e-04 5.94413083e-04 5.94221638e-04 5.91533550e-04
 5.90617012e-04 5.83475048e-04 5.81379980e-04 5.80286665e-04
 5.79768384e-04 5.67381096e-04 5.65384806e-04 5.51550766e-04
 5.50901634e-04 5.42143884e-04 5.39784902e-04 5.36857639e-04
 5.36584936e-04 5.21308975e-04 5.17251028e-04 5.05225849e-04
 5.04129275e-04 5.02695737e-04 5.01036469e-04 5.00810391e-04
 4.96060064e-04 4.95415530e-04 4.92864754e-04 4.92827618e-04
 4.90106293e-04 4.90047911e-04 4.88275371e-04 4.88137855e-04
 4.73596243e-04 4.72752814e-04 4.51049156e-04 4.47910221e-04
 4.47578816e-04 4.46561724e-04 4.44214325e-04 4.41857788e-04
 4.36601724e-04 4.36187780e-04 4.21728444e-04 4.21026285e-04
 4.18744981e-04 4.18119947e-04 4.17081086e-04 4.15195042e-04
 4.11598274e-04 4.11233515e-04 4.09497588e-04 4.09287633e-04
 4.08597640e-04 4.06028936e-04 3.94516042e-04 3.93874187e-04
 3.86236818e-04 3.85433290e-04 3.84967512e-04 3.84346291e-04
 3.81551188e-04 3.76881595e-04 3.71834642e-04 3.69649177e-04
 3.63561994e-04 3.61025159e-04 3.60992970e-04 3.58182151e-04
 3.36218480e-04 3.34632525e-04 3.30346986e-04 3.30324954e-04
 3.29609902e-04 3.29037226e-04 3.22570268e-04 3.22387321e-04
 3.17359285e-04 3.17175989e-04 3.10187635e-04 3.06919741e-04
 2.95136037e-04 2.93058605e-04 2.77856860e-04 2.77772895e-04
 2.77422747e-04 2.76874722e-04 2.75550876e-04 2.75244995e-04
 2.64588773e-04 2.63566559e-04 2.60743458e-04 2.60622415e-04
 2.59513297e-04 2.58951273e-04 2.51484889e-04 2.51439575e-04
 2.50140001e-04 2.49772274e-04 2.40226349e-04 2.38099092e-04
 2.38085224e-04 2.38026667e-04 2.32695253e-04 2.31847516e-04
 2.20513597e-04 2.20315647e-04 2.10745158e-04 2.10369151e-04
 2.07898353e-04 2.07583798e-04 2.05810094e-04 2.05553966e-04
 2.03344171e-04 2.01421266e-04 1.96048946e-04 1.94639550e-04
 1.93591564e-04 1.92596635e-04 1.87475554e-04 1.87284400e-04
 1.82314106e-04 1.82066040e-04 1.77640264e-04 1.76346686e-04
 1.68423096e-04 1.68354221e-04 1.62802520e-04 1.62570461e-04
 1.62540702e-04 1.61501899e-04 1.60710624e-04 1.59887233e-04
 1.55348273e-04 1.55336413e-04 1.48862615e-04 1.47674466e-04
 1.38919189e-04 1.38268457e-04 1.37582974e-04 1.36987874e-04
 1.36914226e-04 1.36596311e-04 1.34391186e-04 1.33249647e-04
 1.31937137e-04 1.31594759e-04 1.30580651e-04 1.30353728e-04
 1.28519299e-04 1.28417989e-04 1.27589228e-04 1.27115854e-04
 1.26948216e-04 1.26607672e-04 1.23648992e-04 1.23372578e-04
 1.21415287e-04 1.20612371e-04 1.20571203e-04 1.20505807e-04
 1.10033412e-04 1.09824818e-04 1.07430868e-04 1.07418993e-04
 1.06147505e-04 1.05821178e-04 1.05228297e-04 1.04798804e-04
 1.04176768e-04 1.04091370e-04 1.01663274e-04 1.01172664e-04
 9.49324603e-05 9.48048109e-05 8.23331429e-05 8.18942499e-05
 7.99731497e-05 7.97565517e-05 7.42710326e-05 7.41325566e-05
 6.83039543e-05 6.82531681e-05 6.73233517e-05 6.71867456e-05
 6.67147469e-05 6.65202897e-05 6.39921709e-05 6.38681086e-05
 6.25464381e-05 6.22761727e-05 6.09937852e-05 6.04531087e-05
 6.00001986e-05 5.99954474e-05 5.72261597e-05 5.71230630e-05
 5.60718181e-05 5.59780528e-05 5.21903166e-05 5.21603142e-05
 4.85529563e-05 4.84719458e-05 4.27977648e-05 4.24945792e-05
 4.19372482e-05 4.17552765e-05 4.07776315e-05 4.07516636e-05
 4.03940794e-05 4.03322192e-05 3.96679716e-05 3.95678871e-05
 3.73987350e-05 3.73566763e-05 3.70532871e-05 3.70475282e-05
 3.67646317e-05 3.67570938e-05 3.34244141e-05 3.34142169e-05
 3.14094577e-05 3.13820638e-05 3.12899319e-05 3.09223979e-05
 2.87310231e-05 2.86922277e-05 2.61733876e-05 2.61284986e-05
 2.55669529e-05 2.54595798e-05 2.42633287e-05 2.42029892e-05
 2.40676745e-05 2.40489080e-05 2.15525451e-05 2.13470084e-05
 2.00226114e-05 1.99051628e-05 1.92697717e-05 1.92582338e-05
 1.79203798e-05 1.78955670e-05 1.42036579e-05 1.40570855e-05
 1.11730933e-05 1.11532281e-05 1.05261588e-05 1.05136087e-05
 7.37015307e-06 7.29258818e-06 4.79329719e-06 4.72003330e-06
 1.37986365e-06]",[0.21070033 0.21076368 0.21082707 ... 1.         1.         1.        ],[1.         1.         1.         ... 0.00285307 0.00142653 0.        ],"[1.3798636e-06 2.0470227e-06 2.1375236e-06 ... 9.9999809e-01 9.9999821e-01
 9.9999845e-01]"
0.5,11,1,256,256,,0,0.5,0.5,0.22847329721602028,759,mean,GATConv,1,256,10,0.9404869251577999,0.8611500701262272,0.8758915834522111,0.8468965517241379,"[0.6090461015701294, 0.6025887727737427, 0.5435136556625366, 0.5394973754882812, 0.5323116183280945, 0.5708897709846497, 0.5450126528739929, 0.5160660743713379, 0.5311196446418762, 0.5311113595962524]",0.8996996507438183,0.9657325026917263,"[0.00000000e+00 0.00000000e+00 0.00000000e+00 0.00000000e+00
 0.00000000e+00 0.00000000e+00 0.00000000e+00 0.00000000e+00
 0.00000000e+00 0.00000000e+00 0.00000000e+00 0.00000000e+00
 0.00000000e+00 7.61614623e-04 7.61614623e-04 1.14242193e-03
 1.14242193e-03 1.52322925e-03 1.52322925e-03 1.90403656e-03
 1.90403656e-03 1.90403656e-03 2.28484387e-03 2.28484387e-03
 2.28484387e-03 2.28484387e-03 2.28484387e-03 2.28484387e-03
 2.28484387e-03 2.28484387e-03 2.28484387e-03 2.28484387e-03
 2.28484387e-03 2.28484387e-03 2.28484387e-03 2.66565118e-03
 2.66565118e-03 3.04645849e-03 3.04645849e-03 3.04645849e-03
 3.04645849e-03 3.04645849e-03 3.04645849e-03 3.42726580e-03
 3.42726580e-03 3.42726580e-03 3.42726580e-03 3.80807312e-03
 3.80807312e-03 3.80807312e-03 3.80807312e-03 3.80807312e-03
 3.80807312e-03 3.80807312e-03 3.80807312e-03 4.18888043e-03
 4.18888043e-03 4.18888043e-03 4.18888043e-03 4.18888043e-03
 4.56968774e-03 4.56968774e-03 4.56968774e-03 4.95049505e-03
 4.95049505e-03 4.95049505e-03 4.95049505e-03 4.95049505e-03
 4.95049505e-03 4.95049505e-03 4.95049505e-03 5.33130236e-03
 5.33130236e-03 5.33130236e-03 5.33130236e-03 5.33130236e-03
 5.33130236e-03 5.33130236e-03 5.33130236e-03 5.71210967e-03
 5.71210967e-03 5.71210967e-03 5.71210967e-03 5.71210967e-03
 5.71210967e-03 6.09291698e-03 6.09291698e-03 6.09291698e-03
 6.09291698e-03 6.09291698e-03 6.09291698e-03 6.09291698e-03
 6.09291698e-03 6.09291698e-03 6.09291698e-03 6.09291698e-03
 6.47372430e-03 6.47372430e-03 6.85453161e-03 6.85453161e-03
 6.85453161e-03 7.23533892e-03 7.23533892e-03 7.23533892e-03
 7.23533892e-03 7.61614623e-03 8.37776085e-03 8.37776085e-03
 8.37776085e-03 8.37776085e-03 8.75856816e-03 8.75856816e-03
 9.13937548e-03 9.13937548e-03 9.13937548e-03 9.13937548e-03
 9.52018279e-03 9.52018279e-03 9.90099010e-03 9.90099010e-03
 9.90099010e-03 9.90099010e-03 1.02817974e-02 1.02817974e-02
 1.02817974e-02 1.02817974e-02 1.02817974e-02 1.02817974e-02
 1.06626047e-02 1.10434120e-02 1.10434120e-02 1.10434120e-02
 1.10434120e-02 1.14242193e-02 1.14242193e-02 1.14242193e-02
 1.18050267e-02 1.18050267e-02 1.18050267e-02 1.18050267e-02
 1.18050267e-02 1.18050267e-02 1.21858340e-02 1.21858340e-02
 1.25666413e-02 1.29474486e-02 1.29474486e-02 1.33282559e-02
 1.33282559e-02 1.37090632e-02 1.37090632e-02 1.37090632e-02
 1.37090632e-02 1.40898705e-02 1.40898705e-02 1.44706778e-02
 1.44706778e-02 1.44706778e-02 1.48514851e-02 1.48514851e-02
 1.52322925e-02 1.52322925e-02 1.56130998e-02 1.56130998e-02
 1.59939071e-02 1.59939071e-02 1.63747144e-02 1.63747144e-02
 1.67555217e-02 1.67555217e-02 1.71363290e-02 1.71363290e-02
 1.75171363e-02 1.75171363e-02 1.78979436e-02 1.78979436e-02
 1.78979436e-02 1.90403656e-02 1.90403656e-02 1.90403656e-02
 1.90403656e-02 1.94211729e-02 1.94211729e-02 2.01827875e-02
 2.01827875e-02 2.13252094e-02 2.13252094e-02 2.17060168e-02
 2.17060168e-02 2.20868241e-02 2.20868241e-02 2.28484387e-02
 2.28484387e-02 2.36100533e-02 2.36100533e-02 2.39908606e-02
 2.39908606e-02 2.43716679e-02 2.43716679e-02 2.47524752e-02
 2.47524752e-02 2.62757045e-02 2.62757045e-02 2.66565118e-02
 2.66565118e-02 2.70373191e-02 2.70373191e-02 2.70373191e-02
 2.70373191e-02 2.74181264e-02 2.74181264e-02 2.77989337e-02
 2.77989337e-02 2.81797411e-02 2.81797411e-02 2.81797411e-02
 2.81797411e-02 2.85605484e-02 2.85605484e-02 3.00837776e-02
 3.00837776e-02 3.00837776e-02 3.23686215e-02 3.23686215e-02
 3.31302361e-02 3.31302361e-02 3.35110434e-02 3.35110434e-02
 3.38918507e-02 3.38918507e-02 3.42726580e-02 3.42726580e-02
 3.50342727e-02 3.92231531e-02 3.92231531e-02 3.99847677e-02
 3.99847677e-02 4.07463823e-02 4.15079970e-02 4.26504189e-02
 4.30312262e-02 4.30312262e-02 4.34120335e-02 4.37928408e-02
 4.41736481e-02 4.45544554e-02 4.45544554e-02 4.56968774e-02
 4.64584920e-02 4.64584920e-02 4.68392993e-02 4.72201066e-02
 4.79817212e-02 4.95049505e-02 4.95049505e-02 5.14089871e-02
 5.14089871e-02 5.29322163e-02 5.29322163e-02 5.40746382e-02
 5.40746382e-02 5.48362529e-02 5.48362529e-02 5.52170602e-02
 5.55978675e-02 5.59786748e-02 5.67402894e-02 5.78827113e-02
 5.86443260e-02 5.86443260e-02 5.90251333e-02 5.90251333e-02
 5.94059406e-02 5.94059406e-02 5.97867479e-02 6.05483625e-02
 6.05483625e-02 6.13099772e-02 6.20715918e-02 6.24523991e-02
 6.24523991e-02 6.24523991e-02 6.39756283e-02 6.39756283e-02
 6.74028941e-02 6.81645088e-02 6.85453161e-02 6.93069307e-02
 7.04493526e-02 7.04493526e-02 7.08301599e-02 7.15917746e-02
 7.38766184e-02 7.46382331e-02 7.46382331e-02 7.73038842e-02
 7.88271135e-02 7.92079208e-02 7.92079208e-02 8.03503427e-02
 8.03503427e-02 8.07311500e-02 8.14927647e-02 8.22543793e-02
 8.22543793e-02 8.33968012e-02 8.41584158e-02 8.49200305e-02
 8.49200305e-02 8.60624524e-02 8.68240670e-02 8.72048743e-02
 8.79664890e-02 8.87281036e-02 8.94897182e-02 9.13937548e-02
 9.17745621e-02 9.32977913e-02 9.40594059e-02 9.59634425e-02
 9.67250571e-02 1.00913938e-01 1.00913938e-01 1.01675552e-01
 1.01675552e-01 1.02056359e-01 1.02056359e-01 1.02437167e-01
 1.02437167e-01 1.02817974e-01 1.03579589e-01 1.04341203e-01
 1.04341203e-01 1.04722011e-01 1.04722011e-01 1.18050267e-01
 1.18050267e-01 1.18431074e-01 1.18431074e-01 1.19192688e-01
 1.19192688e-01 1.19954303e-01 1.20715918e-01 1.25666413e-01
 1.26428027e-01 1.27570449e-01 1.27570449e-01 1.32520944e-01
 1.33282559e-01 1.36329018e-01 1.37090632e-01 1.38613861e-01
 1.38613861e-01 1.39375476e-01 1.39375476e-01 1.52703732e-01
 1.54226961e-01 1.57654227e-01 1.57654227e-01 1.66793602e-01
 1.66793602e-01 1.67555217e-01 1.67555217e-01 1.69840061e-01
 1.70601676e-01 1.74028941e-01 1.74028941e-01 1.74790556e-01
 1.75552171e-01 1.77075400e-01 1.77075400e-01 1.80883473e-01
 1.81645088e-01 1.89642041e-01 1.90403656e-01 1.94211729e-01
 1.94973343e-01 1.95354151e-01 1.96496573e-01 1.96496573e-01
 1.97258187e-01 1.97258187e-01 1.99162224e-01 1.99923839e-01
 2.00685453e-01 2.01447068e-01 2.03731912e-01 2.03731912e-01
 2.04112719e-01 2.04112719e-01 2.04874334e-01 2.08682407e-01
 2.08682407e-01 2.09063214e-01 2.09063214e-01 2.12109673e-01
 2.12109673e-01 2.15917746e-01 2.15917746e-01 2.17440975e-01
 2.17440975e-01 2.22391470e-01 2.23153085e-01 2.23533892e-01
 2.24295506e-01 2.27341965e-01 2.28103580e-01 2.33434882e-01
 2.33434882e-01 2.36100533e-01 2.36862148e-01 2.38766184e-01
 2.39146992e-01 2.39527799e-01 2.39527799e-01 2.39908606e-01
 2.39908606e-01 2.45239909e-01 2.45239909e-01 2.45620716e-01
 2.46382331e-01 2.49809596e-01 2.50571211e-01 2.53998477e-01
 2.54379284e-01 2.54760091e-01 2.56283321e-01 2.60853008e-01
 2.61614623e-01 2.66945925e-01 2.66945925e-01 2.77608530e-01
 2.78370145e-01 2.81035796e-01 2.81797411e-01 2.82559025e-01
 2.83320640e-01 2.84843869e-01 2.84843869e-01 2.90175171e-01
 2.91698401e-01 2.95125666e-01 2.96648896e-01 2.98172125e-01
 2.98933740e-01 3.00837776e-01 3.01599391e-01 3.03884235e-01
 3.04645849e-01 3.05788271e-01 3.06549886e-01 3.11881188e-01
 3.12261995e-01 3.14166032e-01 3.15689261e-01 3.20258949e-01
 3.20258949e-01 3.23686215e-01 3.24447829e-01 3.25209444e-01
 3.25971059e-01 3.30540746e-01 3.31302361e-01 3.35491241e-01
 3.36252856e-01 3.37395278e-01 3.38156893e-01 3.41584158e-01
 3.42345773e-01 3.43488195e-01 3.44249810e-01 3.45392232e-01
 3.46153846e-01 3.53769992e-01 3.54531607e-01 3.57197258e-01
 3.57958873e-01 3.60624524e-01 3.61386139e-01 3.62528561e-01
 3.62528561e-01 3.63290175e-01 3.63670982e-01 3.64432597e-01
 3.73952780e-01 3.74333587e-01 3.75476009e-01 3.76237624e-01
 3.78522468e-01 3.82711348e-01 3.83853770e-01 3.85757807e-01
 3.86519421e-01 3.86900228e-01 3.87661843e-01 3.95658797e-01
 3.96420411e-01 3.99466870e-01 4.00228484e-01 4.04036558e-01
 4.04798172e-01 4.05559787e-01 4.06321401e-01 4.11652704e-01
 4.12414318e-01 4.17364813e-01 4.17364813e-01 4.18126428e-01
 4.19268850e-01 4.20411272e-01 4.21934501e-01 4.21934501e-01
 4.23076923e-01 4.23076923e-01 4.31073877e-01 4.31835491e-01
 4.32597106e-01 4.33358720e-01 4.35643564e-01 4.36405179e-01
 4.41355674e-01 4.42117289e-01 4.50875857e-01 4.51637471e-01
 4.55445545e-01 4.56207159e-01 4.66869764e-01 4.67631379e-01
 4.68392993e-01 4.69154608e-01 4.69535415e-01 4.70297030e-01
 4.80578827e-01 4.81340442e-01 4.90099010e-01 4.90860625e-01
 4.91622239e-01 4.92383854e-01 4.93907083e-01 4.93907083e-01
 4.95811120e-01 4.96572734e-01 4.98095963e-01 4.98857578e-01
 4.99619193e-01 5.00380807e-01 5.01523229e-01 5.02284844e-01
 5.05712110e-01 5.06473724e-01 5.06473724e-01 5.14470678e-01
 5.15232292e-01 5.19040366e-01 5.19801980e-01 5.21325209e-01
 5.22086824e-01 5.24371668e-01 5.25133283e-01 5.25514090e-01
 5.25514090e-01 5.26275704e-01 5.28941356e-01 5.29702970e-01
 5.31226200e-01 5.31987814e-01 5.34653465e-01 5.35034273e-01
 5.35415080e-01 5.36176695e-01 5.36557502e-01 5.37319117e-01
 5.40746382e-01 5.40746382e-01 5.44935263e-01 5.45696877e-01
 5.53313024e-01 5.54074638e-01 5.55217060e-01 5.56740289e-01
 5.57882711e-01 5.58644326e-01 5.59025133e-01 5.59786748e-01
 5.62452399e-01 5.63214014e-01 5.73115004e-01 5.73876618e-01
 5.75019040e-01 5.75399848e-01 5.76542270e-01 5.77303884e-01
 5.78065499e-01 5.78827113e-01 5.81111957e-01 5.81873572e-01
 5.86443260e-01 5.87204874e-01 5.96344250e-01 5.97105864e-01
 6.01675552e-01 6.02437167e-01 6.05102818e-01 6.05483625e-01
 6.08149276e-01 6.08149276e-01 6.08910891e-01 6.10814928e-01
 6.10814928e-01 6.14623001e-01 6.15384615e-01 6.17288652e-01
 6.18050267e-01 6.18811881e-01 6.19573496e-01 6.29093679e-01
 6.29855293e-01 6.31759330e-01 6.32520944e-01 6.37852247e-01
 6.38613861e-01 6.40137091e-01 6.41660320e-01 6.42041127e-01
 6.44325971e-01 6.45468393e-01 6.46230008e-01 6.54607768e-01
 6.55369383e-01 6.56130998e-01 6.56892612e-01 6.58035034e-01
 6.58796649e-01 6.59939071e-01 6.60700685e-01 6.63366337e-01
 6.64889566e-01 6.71363290e-01 6.72124905e-01 6.74028941e-01
 6.74790556e-01 6.76313785e-01 6.77075400e-01 6.79741051e-01
 6.80502666e-01 6.81264280e-01 6.82025895e-01 6.82406702e-01
 6.83168317e-01 6.90022848e-01 6.91546078e-01 6.94592536e-01
 6.96115765e-01 6.96496573e-01 6.97258187e-01 7.09444021e-01
 7.10205636e-01 7.11728865e-01 7.12490480e-01 7.15917746e-01
 7.16679360e-01 7.18583397e-01 7.19345011e-01 7.22772277e-01
 7.23533892e-01 7.27341965e-01 7.28103580e-01 7.29626809e-01
 7.30388423e-01 7.34196497e-01 7.34958111e-01 7.35719726e-01
 7.36481340e-01 7.46763138e-01 7.46763138e-01 7.49047982e-01
 7.49809596e-01 7.52094440e-01 7.52856055e-01 7.53998477e-01
 7.54379284e-01 7.54760091e-01 7.55521706e-01 7.58187357e-01
 7.58948972e-01 7.64661081e-01 7.65422696e-01 7.66945925e-01
 7.67707540e-01 7.69611577e-01 7.71134806e-01 7.84463062e-01
 7.85224676e-01 8.01218583e-01 8.01980198e-01 8.03122620e-01
 8.03884235e-01 8.04265042e-01 8.05026657e-01 8.08834730e-01
 8.09596344e-01 8.14546839e-01 8.15308454e-01 8.16070069e-01
 8.17212490e-01 8.21401371e-01 8.22162986e-01 8.26351866e-01
 8.27113481e-01 8.30921554e-01 8.31683168e-01 8.42345773e-01
 8.43869002e-01 8.45011424e-01 8.45773039e-01 8.46534653e-01
 8.48057883e-01 8.51485149e-01 8.52246763e-01 8.56435644e-01
 8.57197258e-01 8.59101295e-01 8.59862909e-01 8.62147753e-01
 8.62909368e-01 8.64051790e-01 8.64813404e-01 8.66717441e-01
 8.67479056e-01 8.69763899e-01 8.70525514e-01 8.73952780e-01
 8.74714395e-01 8.75095202e-01 8.75856816e-01 8.80807312e-01
 8.81568926e-01 8.86900228e-01 8.87661843e-01 8.92612338e-01
 8.93373953e-01 8.96420411e-01 8.97182026e-01 9.01370906e-01
 9.02132521e-01 9.09748667e-01 9.10510282e-01 9.25361767e-01
 9.26123382e-01 9.34120335e-01 9.34881950e-01 9.37928408e-01
 9.38690023e-01 9.50875857e-01 9.51637471e-01 9.58492003e-01
 9.59253618e-01 9.70677837e-01 9.70677837e-01 9.79436405e-01
 9.80959634e-01 9.89718203e-01 9.90479817e-01 9.96572734e-01
 9.97334349e-01 1.00000000e+00]","[0.         0.00142653 0.0042796  0.0085592  0.00998573 0.01854494
 0.021398   0.02425107 0.02853067 0.03138374 0.03708987 0.03994294
 0.06134094 0.06134094 0.07845934 0.07845934 0.08701854 0.08701854
 0.09129815 0.09272468 0.09700428 0.10271041 0.10413695 0.10841655
 0.11269615 0.11554922 0.12125535 0.12553495 0.12838802 0.13124108
 0.14550642 0.14835949 0.16833096 0.17118402 0.17403709 0.17403709
 0.17546362 0.17546362 0.17831669 0.18116976 0.18259629 0.18544936
 0.19115549 0.19115549 0.19543509 0.19828816 0.20684736 0.20684736
 0.20970043 0.2125535  0.21398003 0.2168331  0.23109843 0.2339515
 0.2382311  0.2382311  0.23965763 0.24536377 0.26533524 0.2681883
 0.26961484 0.2724679  0.28673324 0.28673324 0.29957204 0.30527817
 0.30813124 0.31098431 0.31526391 0.31811698 0.32239658 0.32382311
 0.32524964 0.33095578 0.33666191 0.33951498 0.36233951 0.36804565
 0.37232525 0.37375178 0.38231098 0.38516405 0.39514979 0.39800285
 0.41084165 0.41084165 0.41369472 0.41512126 0.41797432 0.42510699
 0.42796006 0.43651926 0.43937233 0.45363766 0.45649073 0.46219686
 0.4636234  0.48644793 0.48787447 0.49215407 0.49500713 0.49500713
 0.5064194  0.50927247 0.5149786  0.51640514 0.51640514 0.5192582
 0.52211127 0.5278174  0.52924394 0.5363766  0.53780314 0.54350927
 0.54921541 0.55777461 0.55920114 0.56348074 0.56348074 0.57774608
 0.58059914 0.58202568 0.58345221 0.59771755 0.60057061 0.60627675
 0.61198288 0.61340942 0.61340942 0.61483595 0.62054208 0.62339515
 0.62624822 0.62767475 0.63338088 0.63908702 0.63908702 0.64479315
 0.64764622 0.65192582 0.65477889 0.66333809 0.66333809 0.67047076
 0.67332382 0.67332382 0.68473609 0.68473609 0.69044223 0.69044223
 0.70898716 0.71184023 0.7146933  0.7146933  0.71754636 0.71754636
 0.72182596 0.72467903 0.72610556 0.74322397 0.74322397 0.7489301
 0.7489301  0.75035663 0.75035663 0.75606277 0.75606277 0.7574893
 0.7574893  0.75891583 0.75891583 0.76034237 0.76034237 0.76319544
 0.76319544 0.7660485  0.7703281  0.7703281  0.7746077  0.77746077
 0.78174037 0.78174037 0.7874465  0.7874465  0.78887304 0.78887304
 0.79172611 0.79172611 0.79600571 0.79600571 0.79743224 0.79743224
 0.80313837 0.80313837 0.80599144 0.80599144 0.80884451 0.80884451
 0.81169757 0.81169757 0.82168331 0.82168331 0.82881598 0.82881598
 0.83024251 0.83024251 0.83166904 0.83452211 0.83594864 0.83594864
 0.83737518 0.83880171 0.84308131 0.84308131 0.84450785 0.85021398
 0.85164051 0.85164051 0.85592011 0.85592011 0.86019971 0.86305278
 0.86305278 0.86447932 0.86447932 0.86590585 0.86590585 0.86733238
 0.86733238 0.86875892 0.86875892 0.87161198 0.87161198 0.87161198
 0.87446505 0.87446505 0.87589158 0.87589158 0.87589158 0.87589158
 0.87731812 0.87874465 0.88017118 0.88017118 0.88159772 0.88159772
 0.88445078 0.88445078 0.88445078 0.88587732 0.88587732 0.88730385
 0.88730385 0.88730385 0.88873039 0.88873039 0.89015692 0.89015692
 0.89158345 0.89158345 0.89443652 0.89443652 0.89586305 0.89586305
 0.89728959 0.89728959 0.89728959 0.89728959 0.89728959 0.89871612
 0.89871612 0.90014265 0.90014265 0.90156919 0.90156919 0.90156919
 0.90299572 0.90299572 0.90299572 0.90299572 0.90442225 0.90727532
 0.90727532 0.90870185 0.90870185 0.90870185 0.90870185 0.90870185
 0.90870185 0.91012839 0.91012839 0.91012839 0.91012839 0.91012839
 0.91155492 0.91155492 0.91155492 0.91155492 0.91298146 0.91298146
 0.91440799 0.91440799 0.91440799 0.91440799 0.91726106 0.91726106
 0.91726106 0.91726106 0.91868759 0.91868759 0.91868759 0.91868759
 0.91868759 0.91868759 0.91868759 0.91868759 0.92011412 0.92011412
 0.92011412 0.92011412 0.92011412 0.92011412 0.92154066 0.92154066
 0.92296719 0.92296719 0.92439372 0.92439372 0.92724679 0.92724679
 0.92724679 0.92724679 0.92867332 0.92867332 0.93009986 0.93009986
 0.93152639 0.93152639 0.93295292 0.93295292 0.93437946 0.93437946
 0.93437946 0.93437946 0.93437946 0.93437946 0.93580599 0.93580599
 0.93580599 0.93580599 0.93580599 0.93580599 0.93723252 0.93723252
 0.93865906 0.93865906 0.93865906 0.93865906 0.94008559 0.94008559
 0.94151213 0.94151213 0.94293866 0.94293866 0.94293866 0.94293866
 0.94436519 0.94436519 0.94436519 0.94436519 0.94579173 0.94579173
 0.94579173 0.94579173 0.94579173 0.94579173 0.94579173 0.94721826
 0.94721826 0.94864479 0.94864479 0.95007133 0.95007133 0.95007133
 0.95007133 0.95007133 0.95007133 0.95149786 0.95149786 0.95292439
 0.95292439 0.95292439 0.95435093 0.95435093 0.95577746 0.95577746
 0.95720399 0.95720399 0.95863053 0.95863053 0.96148359 0.96148359
 0.96148359 0.96148359 0.96148359 0.96148359 0.96148359 0.96148359
 0.96291013 0.96291013 0.96291013 0.96291013 0.96433666 0.96433666
 0.9657632  0.9657632  0.96718973 0.96718973 0.96861626 0.96861626
 0.96861626 0.96861626 0.96861626 0.96861626 0.9700428  0.9700428
 0.9700428  0.9700428  0.9700428  0.9700428  0.97146933 0.97146933
 0.97146933 0.97146933 0.97146933 0.97146933 0.97146933 0.97146933
 0.97289586 0.97289586 0.97289586 0.97289586 0.97289586 0.97289586
 0.97289586 0.97289586 0.97289586 0.97289586 0.97289586 0.97289586
 0.97289586 0.97289586 0.9743224  0.9743224  0.9743224  0.9743224
 0.97574893 0.97574893 0.97574893 0.97574893 0.97574893 0.97574893
 0.97574893 0.97574893 0.97574893 0.97574893 0.97574893 0.97574893
 0.97574893 0.97574893 0.97574893 0.97574893 0.97574893 0.97574893
 0.97574893 0.97574893 0.97574893 0.97574893 0.97574893 0.97574893
 0.97717546 0.97717546 0.97717546 0.97717546 0.97717546 0.978602
 0.978602   0.978602   0.978602   0.978602   0.978602   0.978602
 0.978602   0.978602   0.978602   0.978602   0.978602   0.978602
 0.978602   0.978602   0.978602   0.978602   0.978602   0.978602
 0.978602   0.978602   0.98002853 0.98002853 0.98002853 0.98002853
 0.98002853 0.98145506 0.98145506 0.9828816  0.9828816  0.9828816
 0.9828816  0.9828816  0.9828816  0.9828816  0.9828816  0.9828816
 0.9828816  0.9828816  0.9828816  0.9828816  0.9828816  0.9828816
 0.9828816  0.9828816  0.9828816  0.9828816  0.9828816  0.9828816
 0.9828816  0.9828816  0.9828816  0.9828816  0.9828816  0.98430813
 0.98430813 0.98430813 0.98430813 0.98430813 0.98430813 0.98430813
 0.98430813 0.98430813 0.98430813 0.98430813 0.98573466 0.98573466
 0.98573466 0.98573466 0.98573466 0.98573466 0.98573466 0.98573466
 0.98573466 0.98573466 0.9871612  0.9871612  0.9871612  0.9871612
 0.9871612  0.9871612  0.9871612  0.98858773 0.98858773 0.98858773
 0.98858773 0.98858773 0.98858773 0.99001427 0.99001427 0.99001427
 0.99001427 0.99001427 0.99001427 0.99001427 0.99001427 0.99001427
 0.99001427 0.99001427 0.99001427 0.99001427 0.99001427 0.99001427
 0.99001427 0.9914408  0.9914408  0.9914408  0.9914408  0.9914408
 0.9914408  0.9914408  0.9914408  0.9914408  0.9914408  0.9914408
 0.9914408  0.9914408  0.9914408  0.99286733 0.99286733 0.99429387
 0.99429387 0.99429387 0.9957204  0.9957204  0.9957204  0.9957204
 0.9957204  0.9957204  0.9957204  0.9957204  0.9957204  0.9957204
 0.9957204  0.9957204  0.9957204  0.9957204  0.9957204  0.9957204
 0.9957204  0.9957204  0.9957204  0.9957204  0.9957204  0.9957204
 0.9957204  0.9957204  0.9957204  0.9957204  0.9957204  0.9957204
 0.9957204  0.9957204  0.9957204  0.9957204  0.9957204  0.9957204
 0.9957204  0.9957204  0.9957204  0.9957204  0.9957204  0.9957204
 0.9957204  0.9957204  0.9957204  0.9957204  0.9957204  0.9957204
 0.9957204  0.9957204  0.9957204  0.9957204  0.9957204  0.9957204
 0.9957204  0.9957204  0.9957204  0.9957204  0.9957204  0.9957204
 0.9957204  0.9957204  0.9957204  0.9957204  0.9957204  0.9957204
 0.9957204  0.9957204  0.99714693 0.99714693 0.99714693 0.99714693
 0.99714693 0.99714693 0.99857347 0.99857347 0.99857347 0.99857347
 0.99857347 0.99857347 0.99857347 0.99857347 0.99857347 0.99857347
 0.99857347 0.99857347 0.99857347 0.99857347 0.99857347 0.99857347
 0.99857347 0.99857347 0.99857347 0.99857347 0.99857347 0.99857347
 0.99857347 0.99857347 0.99857347 0.99857347 0.99857347 0.99857347
 0.99857347 0.99857347 0.99857347 0.99857347 0.99857347 0.99857347
 0.99857347 0.99857347 0.99857347 0.99857347 0.99857347 0.99857347
 0.99857347 0.99857347 0.99857347 0.99857347 0.99857347 0.99857347
 0.99857347 0.99857347 0.99857347 0.99857347 0.99857347 0.99857347
 0.99857347 0.99857347 0.99857347 0.99857347 0.99857347 0.99857347
 0.99857347 0.99857347 0.99857347 0.99857347 0.99857347 0.99857347
 0.99857347 0.99857347 0.99857347 0.99857347 0.99857347 0.99857347
 0.99857347 0.99857347 0.99857347 0.99857347 0.99857347 0.99857347
 0.99857347 0.99857347 1.         1.         1.         1.
 1.         1.         1.         1.        ]","[           inf 9.99997377e-01 9.99997139e-01 9.99997020e-01
 9.99996901e-01 9.99996066e-01 9.99995112e-01 9.99994516e-01
 9.99993682e-01 9.99993324e-01 9.99991298e-01 9.99990821e-01
 9.99981761e-01 9.99977589e-01 9.99964952e-01 9.99963760e-01
 9.99959230e-01 9.99957800e-01 9.99953032e-01 9.99951839e-01
 9.99951124e-01 9.99946594e-01 9.99946356e-01 9.99941230e-01
 9.99940872e-01 9.99940157e-01 9.99936223e-01 9.99935985e-01
 9.99934435e-01 9.99932766e-01 9.99920487e-01 9.99918938e-01
 9.99895692e-01 9.99895453e-01 9.99890327e-01 9.99886870e-01
 9.99884725e-01 9.99884129e-01 9.99882102e-01 9.99881983e-01
 9.99881029e-01 9.99876142e-01 9.99864936e-01 9.99864817e-01
 9.99857306e-01 9.99855280e-01 9.99838829e-01 9.99836564e-01
 9.99831319e-01 9.99828100e-01 9.99827325e-01 9.99826491e-01
 9.99796331e-01 9.99792397e-01 9.99782979e-01 9.99778688e-01
 9.99778450e-01 9.99774992e-01 9.99731839e-01 9.99730766e-01
 9.99728501e-01 9.99727905e-01 9.99674916e-01 9.99672294e-01
 9.99637485e-01 9.99631405e-01 9.99619961e-01 9.99611318e-01
 9.99602616e-01 9.99593318e-01 9.99588788e-01 9.99565184e-01
 9.99563396e-01 9.99553502e-01 9.99539137e-01 9.99521613e-01
 9.99349773e-01 9.99332726e-01 9.99283731e-01 9.99282300e-01
 9.99183834e-01 9.99170542e-01 9.99090433e-01 9.99086857e-01
 9.99044597e-01 9.99038935e-01 9.99024272e-01 9.99007285e-01
 9.99003470e-01 9.98945177e-01 9.98944342e-01 9.98856425e-01
 9.98850822e-01 9.98777330e-01 9.98715997e-01 9.98646557e-01
 9.98638809e-01 9.98454928e-01 9.98445809e-01 9.98402059e-01
 9.98397768e-01 9.98344183e-01 9.98264849e-01 9.98263776e-01
 9.98164475e-01 9.98143196e-01 9.98128831e-01 9.98102725e-01
 9.98100102e-01 9.98042107e-01 9.98012185e-01 9.97952938e-01
 9.97942150e-01 9.97897267e-01 9.97876525e-01 9.97797966e-01
 9.97792602e-01 9.97755349e-01 9.97752249e-01 9.97541070e-01
 9.97524440e-01 9.97490287e-01 9.97384131e-01 9.97158527e-01
 9.97146785e-01 9.96942461e-01 9.96844053e-01 9.96789217e-01
 9.96741235e-01 9.96730208e-01 9.96606946e-01 9.96571898e-01
 9.96407092e-01 9.96371746e-01 9.96178627e-01 9.96114016e-01
 9.96086478e-01 9.95879889e-01 9.95841324e-01 9.95667338e-01
 9.95479345e-01 9.95285809e-01 9.95183885e-01 9.94768739e-01
 9.94748771e-01 9.94721055e-01 9.94177699e-01 9.94159341e-01
 9.93852735e-01 9.93836582e-01 9.93139446e-01 9.93006468e-01
 9.92805302e-01 9.92623210e-01 9.92423654e-01 9.92324591e-01
 9.92201567e-01 9.92002606e-01 9.91470635e-01 9.90100980e-01
 9.90035594e-01 9.89699185e-01 9.89602149e-01 9.89407361e-01
 9.89280879e-01 9.88880396e-01 9.88809288e-01 9.88803566e-01
 9.88627851e-01 9.88460660e-01 9.88445520e-01 9.88291681e-01
 9.88014042e-01 9.86909807e-01 9.86416698e-01 9.85538840e-01
 9.84940231e-01 9.84646678e-01 9.84140277e-01 9.83724892e-01
 9.83140647e-01 9.81495202e-01 9.79381919e-01 9.78989065e-01
 9.78471816e-01 9.77068305e-01 9.75167096e-01 9.75154102e-01
 9.71948981e-01 9.71513689e-01 9.71510768e-01 9.70998764e-01
 9.65805531e-01 9.64462459e-01 9.61272299e-01 9.57497299e-01
 9.56833601e-01 9.56440866e-01 9.52039540e-01 9.49582279e-01
 9.42892909e-01 9.36719120e-01 9.27608430e-01 9.26751494e-01
 9.23232913e-01 9.21983719e-01 9.21916664e-01 9.21596706e-01
 9.20253158e-01 9.19280469e-01 9.07464206e-01 9.05963242e-01
 8.95089030e-01 8.79400373e-01 8.75976622e-01 8.65108252e-01
 8.63947392e-01 8.63920271e-01 8.49523425e-01 8.34113181e-01
 8.16993952e-01 8.10357630e-01 7.89113820e-01 7.85146475e-01
 7.84243405e-01 7.72175252e-01 7.62070477e-01 7.55147576e-01
 7.55048990e-01 7.52950788e-01 7.41754472e-01 7.30475903e-01
 7.28777528e-01 6.29755914e-01 5.98349631e-01 5.84028304e-01
 5.81706703e-01 5.38547814e-01 5.21934330e-01 4.99219447e-01
 4.98430192e-01 4.96667922e-01 4.95724142e-01 4.95448560e-01
 4.92878795e-01 4.89397347e-01 4.86672014e-01 4.29551899e-01
 4.24515575e-01 4.05344546e-01 4.01966453e-01 3.75031829e-01
 3.61051470e-01 3.38093162e-01 3.27992290e-01 2.82453477e-01
 2.65572071e-01 2.14453593e-01 2.08225548e-01 2.00868398e-01
 1.92373767e-01 1.82024553e-01 1.72858208e-01 1.71785980e-01
 1.64653108e-01 1.64228663e-01 1.57260358e-01 1.52553648e-01
 1.52210504e-01 1.49713442e-01 1.47846311e-01 1.47354484e-01
 1.44232735e-01 1.39819160e-01 1.38676062e-01 1.38233393e-01
 1.36745587e-01 1.31617591e-01 1.29012272e-01 1.24955222e-01
 1.19341671e-01 1.17507219e-01 1.03397176e-01 9.28084105e-02
 7.10345507e-02 6.93770275e-02 6.77678287e-02 6.48648888e-02
 6.40046149e-02 6.39630035e-02 5.56830168e-02 5.51098660e-02
 5.00795394e-02 4.95812111e-02 4.95663621e-02 3.65341119e-02
 3.57123315e-02 3.55673060e-02 3.47222313e-02 2.76874676e-02
 2.71665361e-02 2.62935460e-02 2.59390268e-02 2.55007017e-02
 2.18896363e-02 1.80859733e-02 1.78554356e-02 1.74712334e-02
 1.74689163e-02 1.64972562e-02 1.64879505e-02 1.63371321e-02
 1.62509643e-02 1.61290281e-02 1.60529986e-02 1.49144465e-02
 1.45940883e-02 1.42786726e-02 1.41032264e-02 1.35791292e-02
 1.35434261e-02 1.20667275e-02 1.20382700e-02 1.19445641e-02
 1.15921702e-02 1.15796383e-02 1.14360023e-02 1.13878660e-02
 1.13048283e-02 1.12883719e-02 1.12017263e-02 1.08484225e-02
 1.08013162e-02 1.07596600e-02 1.06996363e-02 7.54219992e-03
 7.51625234e-03 7.44875334e-03 7.44296005e-03 7.33099459e-03
 7.28822220e-03 7.25503964e-03 7.11363461e-03 6.59397477e-03
 6.56880951e-03 6.51907688e-03 6.42143656e-03 6.00967417e-03
 5.97915379e-03 5.63611183e-03 5.63231297e-03 5.54814329e-03
 5.47198812e-03 5.44281537e-03 5.42144850e-03 4.54762671e-03
 4.52051125e-03 4.33139689e-03 4.30730125e-03 3.94758862e-03
 3.91241442e-03 3.90235172e-03 3.89219122e-03 3.84045066e-03
 3.81321297e-03 3.69819743e-03 3.69467470e-03 3.66133009e-03
 3.65575566e-03 3.62356147e-03 3.61367222e-03 3.48649127e-03
 3.48589965e-03 3.26359412e-03 3.26257688e-03 3.12081096e-03
 3.10729025e-03 3.10520059e-03 3.06781358e-03 3.06708738e-03
 3.06180376e-03 3.05781700e-03 3.01319989e-03 3.01273307e-03
 2.96166423e-03 2.94908741e-03 2.89375801e-03 2.85839941e-03
 2.85766833e-03 2.85659241e-03 2.83597293e-03 2.71107513e-03
 2.68845726e-03 2.64562201e-03 2.64546718e-03 2.60340562e-03
 2.59744842e-03 2.47245142e-03 2.45747413e-03 2.44542281e-03
 2.43578223e-03 2.34848540e-03 2.33166595e-03 2.33076653e-03
 2.27699149e-03 2.21940456e-03 2.21482012e-03 2.11837073e-03
 2.11780448e-03 2.06863252e-03 2.06119032e-03 2.00593378e-03
 2.00377754e-03 2.00137333e-03 1.99020864e-03 1.98367867e-03
 1.98148866e-03 1.90313242e-03 1.89620780e-03 1.89293106e-03
 1.88350049e-03 1.83059159e-03 1.82630809e-03 1.75841607e-03
 1.74988108e-03 1.73500972e-03 1.73386873e-03 1.64736435e-03
 1.64431636e-03 1.57371361e-03 1.57192186e-03 1.49366411e-03
 1.48579013e-03 1.46297005e-03 1.46255689e-03 1.46051520e-03
 1.44997332e-03 1.42910017e-03 1.42386265e-03 1.35922281e-03
 1.35469250e-03 1.31476333e-03 1.31306844e-03 1.30101386e-03
 1.29932538e-03 1.28067657e-03 1.28040393e-03 1.26100518e-03
 1.25685742e-03 1.24770286e-03 1.24334660e-03 1.19754882e-03
 1.19505380e-03 1.16960716e-03 1.15911046e-03 1.12964632e-03
 1.12893246e-03 1.08819106e-03 1.08755368e-03 1.08231569e-03
 1.08011195e-03 1.03355944e-03 1.03325967e-03 1.00317644e-03
 9.97585244e-04 9.90490895e-04 9.90198925e-04 9.68442764e-04
 9.67901316e-04 9.58563411e-04 9.57052282e-04 9.47071647e-04
 9.46410408e-04 9.04042681e-04 9.03513923e-04 8.82320863e-04
 8.76535196e-04 8.50969402e-04 8.44451191e-04 8.40519264e-04
 8.36814463e-04 8.36237334e-04 8.35242681e-04 8.33497907e-04
 7.87585275e-04 7.85784971e-04 7.85240089e-04 7.75385473e-04
 7.64665019e-04 7.51104846e-04 7.47142767e-04 7.36222544e-04
 7.33562687e-04 7.31312030e-04 7.30660337e-04 6.99845201e-04
 6.98481628e-04 6.90679008e-04 6.90665853e-04 6.78491371e-04
 6.77479897e-04 6.69588742e-04 6.65991975e-04 6.39326056e-04
 6.37129007e-04 6.10979740e-04 6.09699404e-04 6.05526031e-04
 6.04174507e-04 5.98878774e-04 5.98215382e-04 5.97532373e-04
 5.96308906e-04 5.96236438e-04 5.73395286e-04 5.72813209e-04
 5.71326877e-04 5.69534022e-04 5.65569091e-04 5.61852939e-04
 5.46328782e-04 5.46089315e-04 5.25660755e-04 5.23355964e-04
 5.17597713e-04 5.17522742e-04 4.81234834e-04 4.80467133e-04
 4.76527261e-04 4.75499983e-04 4.72982938e-04 4.72582062e-04
 4.50178457e-04 4.49884159e-04 4.31264023e-04 4.31068998e-04
 4.30933636e-04 4.30721266e-04 4.28005820e-04 4.27975436e-04
 4.22524172e-04 4.21310309e-04 4.18850366e-04 4.18509910e-04
 4.17919102e-04 4.17240750e-04 4.14612412e-04 4.14546463e-04
 4.09646542e-04 4.08739434e-04 4.08160267e-04 3.81946040e-04
 3.81443504e-04 3.74052615e-04 3.73985793e-04 3.65044456e-04
 3.63910338e-04 3.59280268e-04 3.58441059e-04 3.57429497e-04
 3.56940000e-04 3.56925186e-04 3.51183902e-04 3.50263406e-04
 3.48850270e-04 3.48765461e-04 3.44680477e-04 3.44072614e-04
 3.42904706e-04 3.42458108e-04 3.41793697e-04 3.41703155e-04
 3.37767473e-04 3.37371166e-04 3.26832203e-04 3.26374779e-04
 3.03184614e-04 3.00977990e-04 2.98219646e-04 2.96397629e-04
 2.94578582e-04 2.94565660e-04 2.93312449e-04 2.93151679e-04
 2.91736156e-04 2.91514531e-04 2.70544144e-04 2.69392855e-04
 2.66630377e-04 2.66307470e-04 2.62022892e-04 2.59266759e-04
 2.58768880e-04 2.58130662e-04 2.53378763e-04 2.52232654e-04
 2.48173048e-04 2.47289456e-04 2.34363179e-04 2.34320061e-04
 2.27942219e-04 2.27380020e-04 2.22068833e-04 2.21767739e-04
 2.17584035e-04 2.17434310e-04 2.16312925e-04 2.15807391e-04
 2.15637687e-04 2.11908584e-04 2.11429680e-04 2.06814701e-04
 2.05681805e-04 2.05443648e-04 2.05373552e-04 1.92493273e-04
 1.92434920e-04 1.91121639e-04 1.90985011e-04 1.86377656e-04
 1.86335528e-04 1.85557539e-04 1.85446828e-04 1.84443066e-04
 1.83691896e-04 1.81886280e-04 1.81215815e-04 1.72287124e-04
 1.71861830e-04 1.71475549e-04 1.71402469e-04 1.70947751e-04
 1.70908301e-04 1.70398984e-04 1.70354804e-04 1.65189034e-04
 1.65042307e-04 1.56817492e-04 1.56673414e-04 1.55196511e-04
 1.55005720e-04 1.54159367e-04 1.53701418e-04 1.51453394e-04
 1.50303458e-04 1.49540370e-04 1.49126005e-04 1.48466541e-04
 1.47121973e-04 1.42250661e-04 1.42085686e-04 1.40929173e-04
 1.40469405e-04 1.40420787e-04 1.39710799e-04 1.23851481e-04
 1.23517486e-04 1.22459416e-04 1.22339785e-04 1.18797034e-04
 1.18729884e-04 1.17016163e-04 1.16379430e-04 1.13927541e-04
 1.13705370e-04 1.12412010e-04 1.12227790e-04 1.11101457e-04
 1.10919478e-04 1.07859625e-04 1.07486623e-04 1.04872568e-04
 1.04715982e-04 9.70226538e-05 9.69428438e-05 9.55966971e-05
 9.53921772e-05 9.41694234e-05 9.40323080e-05 9.34557247e-05
 9.33148476e-05 9.32389739e-05 9.32291950e-05 9.17505167e-05
 9.15883575e-05 8.73574245e-05 8.65055845e-05 8.61874287e-05
 8.57042032e-05 8.46115945e-05 8.44075475e-05 7.63587959e-05
 7.63462667e-05 6.89513909e-05 6.87537613e-05 6.76775744e-05
 6.75545452e-05 6.75541669e-05 6.72967144e-05 6.57351920e-05
 6.55931799e-05 6.30001232e-05 6.28697162e-05 6.26296969e-05
 6.24387467e-05 6.10257848e-05 6.10180468e-05 5.90132258e-05
 5.89283045e-05 5.66033632e-05 5.65110240e-05 5.30157922e-05
 5.28947967e-05 5.24086645e-05 5.22780829e-05 5.18514935e-05
 5.17452463e-05 5.00303795e-05 4.99905109e-05 4.77968715e-05
 4.76637360e-05 4.66359597e-05 4.66106576e-05 4.56476591e-05
 4.56212038e-05 4.53071734e-05 4.52464265e-05 4.47109087e-05
 4.46208214e-05 4.33482564e-05 4.33409805e-05 4.16315015e-05
 4.16201110e-05 4.14367096e-05 4.13952002e-05 4.00348945e-05
 3.98776428e-05 3.68583642e-05 3.66191744e-05 3.49749898e-05
 3.49220645e-05 3.42056082e-05 3.41732302e-05 3.25896617e-05
 3.24511275e-05 2.98840805e-05 2.97068054e-05 2.41864218e-05
 2.38710491e-05 2.14267548e-05 2.11773131e-05 1.98728794e-05
 1.97532772e-05 1.62652632e-05 1.62253236e-05 1.46924167e-05
 1.46401499e-05 1.18146663e-05 1.17923000e-05 8.96582242e-06
 8.83632219e-06 6.21253957e-06 6.16524039e-06 3.84625901e-06
 3.80692336e-06 2.51631718e-06]",[0.21070033 0.21076368 0.21082707 ... 1.         1.         1.        ],[1.         1.         1.         ... 0.0042796  0.00142653 0.        ],"[2.5163172e-06 2.8189579e-06 2.8780871e-06 ... 9.9999702e-01 9.9999714e-01
 9.9999738e-01]"
0.5,11,1,256,256,,0,0.5,0.5,0.22847329721602028,281,mean,GATConv,1,256,10,0.9419897805831079,0.8636042402826856,0.8716119828815977,0.8557422969187675,"[0.6090461015701294, 0.6025885343551636, 0.5435135364532471, 0.5394973158836365, 0.5323116779327393, 0.5708897709846497, 0.5450125932693481, 0.5160660743713379, 0.5311195850372314, 0.5311113595962524]",0.9028428372767063,0.9651463527785895,"[0.00000000e+00 0.00000000e+00 0.00000000e+00 0.00000000e+00
 0.00000000e+00 0.00000000e+00 0.00000000e+00 0.00000000e+00
 0.00000000e+00 0.00000000e+00 0.00000000e+00 0.00000000e+00
 3.80807312e-04 3.80807312e-04 3.80807312e-04 7.61614623e-04
 7.61614623e-04 7.61614623e-04 7.61614623e-04 7.61614623e-04
 7.61614623e-04 1.14242193e-03 1.14242193e-03 1.14242193e-03
 1.14242193e-03 1.14242193e-03 1.14242193e-03 1.14242193e-03
 1.14242193e-03 1.52322925e-03 1.52322925e-03 1.52322925e-03
 1.52322925e-03 1.52322925e-03 1.52322925e-03 1.52322925e-03
 1.52322925e-03 1.52322925e-03 1.52322925e-03 1.90403656e-03
 1.90403656e-03 2.28484387e-03 2.28484387e-03 2.28484387e-03
 2.28484387e-03 2.66565118e-03 2.66565118e-03 3.04645849e-03
 3.04645849e-03 3.04645849e-03 3.04645849e-03 3.04645849e-03
 3.42726580e-03 3.42726580e-03 3.42726580e-03 3.42726580e-03
 3.42726580e-03 3.42726580e-03 3.80807312e-03 3.80807312e-03
 3.80807312e-03 3.80807312e-03 3.80807312e-03 3.80807312e-03
 4.18888043e-03 4.18888043e-03 4.18888043e-03 4.18888043e-03
 4.18888043e-03 4.18888043e-03 4.18888043e-03 4.18888043e-03
 4.18888043e-03 4.18888043e-03 4.18888043e-03 4.18888043e-03
 4.56968774e-03 4.56968774e-03 4.56968774e-03 4.56968774e-03
 4.56968774e-03 4.56968774e-03 4.56968774e-03 4.56968774e-03
 4.56968774e-03 4.56968774e-03 4.56968774e-03 4.56968774e-03
 4.56968774e-03 4.56968774e-03 4.56968774e-03 4.56968774e-03
 4.56968774e-03 4.56968774e-03 4.56968774e-03 4.95049505e-03
 4.95049505e-03 4.95049505e-03 4.95049505e-03 4.95049505e-03
 5.33130236e-03 5.33130236e-03 5.33130236e-03 5.33130236e-03
 5.33130236e-03 5.33130236e-03 5.33130236e-03 5.33130236e-03
 5.33130236e-03 5.33130236e-03 5.33130236e-03 5.33130236e-03
 5.71210967e-03 5.71210967e-03 5.71210967e-03 5.71210967e-03
 5.71210967e-03 5.71210967e-03 6.09291698e-03 6.09291698e-03
 6.47372430e-03 6.47372430e-03 6.47372430e-03 6.47372430e-03
 6.85453161e-03 6.85453161e-03 6.85453161e-03 7.23533892e-03
 7.23533892e-03 7.23533892e-03 7.61614623e-03 7.61614623e-03
 7.99695354e-03 7.99695354e-03 8.37776085e-03 8.75856816e-03
 8.75856816e-03 9.13937548e-03 9.13937548e-03 9.13937548e-03
 9.13937548e-03 9.52018279e-03 9.52018279e-03 9.90099010e-03
 9.90099010e-03 9.90099010e-03 9.90099010e-03 1.06626047e-02
 1.06626047e-02 1.14242193e-02 1.14242193e-02 1.18050267e-02
 1.18050267e-02 1.21858340e-02 1.21858340e-02 1.21858340e-02
 1.21858340e-02 1.21858340e-02 1.21858340e-02 1.25666413e-02
 1.25666413e-02 1.29474486e-02 1.29474486e-02 1.29474486e-02
 1.33282559e-02 1.37090632e-02 1.37090632e-02 1.40898705e-02
 1.40898705e-02 1.44706778e-02 1.44706778e-02 1.48514851e-02
 1.48514851e-02 1.48514851e-02 1.48514851e-02 1.52322925e-02
 1.56130998e-02 1.56130998e-02 1.63747144e-02 1.63747144e-02
 1.63747144e-02 1.63747144e-02 1.67555217e-02 1.67555217e-02
 1.71363290e-02 1.71363290e-02 1.78979436e-02 1.78979436e-02
 1.82787510e-02 1.82787510e-02 1.86595583e-02 1.86595583e-02
 1.94211729e-02 1.94211729e-02 1.98019802e-02 1.98019802e-02
 2.05635948e-02 2.05635948e-02 2.09444021e-02 2.09444021e-02
 2.13252094e-02 2.13252094e-02 2.13252094e-02 2.20868241e-02
 2.20868241e-02 2.32292460e-02 2.32292460e-02 2.47524752e-02
 2.47524752e-02 2.51332826e-02 2.51332826e-02 2.55140899e-02
 2.55140899e-02 2.66565118e-02 2.66565118e-02 2.74181264e-02
 2.74181264e-02 2.74181264e-02 2.74181264e-02 2.77989337e-02
 2.77989337e-02 2.81797411e-02 2.81797411e-02 2.85605484e-02
 2.85605484e-02 2.85605484e-02 2.85605484e-02 2.89413557e-02
 2.89413557e-02 2.97029703e-02 2.97029703e-02 3.04645849e-02
 3.04645849e-02 3.08453922e-02 3.08453922e-02 3.16070069e-02
 3.16070069e-02 3.19878142e-02 3.19878142e-02 3.19878142e-02
 3.19878142e-02 3.23686215e-02 3.23686215e-02 3.27494288e-02
 3.42726580e-02 3.42726580e-02 3.50342727e-02 3.50342727e-02
 3.54150800e-02 3.54150800e-02 3.61766946e-02 3.61766946e-02
 3.65575019e-02 3.65575019e-02 3.73191165e-02 3.92231531e-02
 3.96039604e-02 3.96039604e-02 3.96039604e-02 3.99847677e-02
 4.03655750e-02 4.03655750e-02 4.11271896e-02 4.15079970e-02
 4.22696116e-02 4.34120335e-02 4.34120335e-02 4.49352628e-02
 4.49352628e-02 4.60776847e-02 4.68392993e-02 4.72201066e-02
 4.83625286e-02 4.91241432e-02 4.95049505e-02 4.95049505e-02
 5.25514090e-02 5.25514090e-02 5.29322163e-02 5.29322163e-02
 5.33130236e-02 5.33130236e-02 5.52170602e-02 5.52170602e-02
 5.59786748e-02 5.59786748e-02 5.67402894e-02 5.67402894e-02
 5.71210967e-02 5.71210967e-02 6.09291698e-02 6.16907845e-02
 6.20715918e-02 6.20715918e-02 6.28332064e-02 6.28332064e-02
 6.43564356e-02 6.51180503e-02 6.54988576e-02 6.62604722e-02
 6.96877380e-02 6.96877380e-02 7.15917746e-02 7.23533892e-02
 7.23533892e-02 7.27341965e-02 7.34958111e-02 7.53998477e-02
 7.61614623e-02 7.80654989e-02 7.80654989e-02 7.95887281e-02
 7.95887281e-02 8.03503427e-02 8.14927647e-02 8.14927647e-02
 8.30159939e-02 8.33968012e-02 8.45392232e-02 8.53008378e-02
 8.64432597e-02 8.72048743e-02 8.94897182e-02 8.94897182e-02
 9.06321401e-02 9.13937548e-02 9.52018279e-02 9.52018279e-02
 9.55826352e-02 9.55826352e-02 9.74866717e-02 9.74866717e-02
 9.86290937e-02 9.86290937e-02 9.90099010e-02 9.90099010e-02
 1.00152323e-01 1.00913938e-01 1.00913938e-01 1.02056359e-01
 1.02056359e-01 1.08149276e-01 1.08910891e-01 1.11195735e-01
 1.11957350e-01 1.11957350e-01 1.16527037e-01 1.17288652e-01
 1.17669459e-01 1.18431074e-01 1.20715918e-01 1.20715918e-01
 1.27189642e-01 1.27951257e-01 1.32140137e-01 1.32901752e-01
 1.36329018e-01 1.36329018e-01 1.37852247e-01 1.37852247e-01
 1.42041127e-01 1.42802742e-01 1.48895659e-01 1.49657273e-01
 1.52703732e-01 1.52703732e-01 1.54226961e-01 1.54226961e-01
 1.59939071e-01 1.61081493e-01 1.62985529e-01 1.62985529e-01
 1.69840061e-01 1.70601676e-01 1.72505712e-01 1.73267327e-01
 1.74790556e-01 1.75552171e-01 1.78598629e-01 1.78598629e-01
 1.78979436e-01 1.78979436e-01 1.80121858e-01 1.80121858e-01
 1.80883473e-01 1.80883473e-01 1.81264280e-01 1.82025895e-01
 1.86214775e-01 1.86595583e-01 1.86976390e-01 1.87738005e-01
 1.88880427e-01 1.88880427e-01 1.91546078e-01 1.92307692e-01
 1.93450114e-01 1.93450114e-01 1.96877380e-01 1.96877380e-01
 1.97638995e-01 2.00304646e-01 2.00304646e-01 2.01447068e-01
 2.02208682e-01 2.03731912e-01 2.04493526e-01 2.08682407e-01
 2.09444021e-01 2.10205636e-01 2.10205636e-01 2.16298553e-01
 2.17060168e-01 2.17821782e-01 2.17821782e-01 2.19345011e-01
 2.19345011e-01 2.20487433e-01 2.21249048e-01 2.23153085e-01
 2.23914699e-01 2.26199543e-01 2.26199543e-01 2.28103580e-01
 2.28865194e-01 2.33434882e-01 2.34196497e-01 2.41431835e-01
 2.42193450e-01 2.48286367e-01 2.49047982e-01 2.51332826e-01
 2.52094440e-01 2.52475248e-01 2.53236862e-01 2.54379284e-01
 2.55140899e-01 2.55521706e-01 2.56283321e-01 2.60091394e-01
 2.60853008e-01 2.63137852e-01 2.63899467e-01 2.68469155e-01
 2.68469155e-01 2.69230769e-01 2.69992384e-01 2.72277228e-01
 2.76085301e-01 2.76846915e-01 2.77227723e-01 2.77989337e-01
 2.80654989e-01 2.80654989e-01 2.85224676e-01 2.85605484e-01
 2.86367098e-01 2.86367098e-01 2.87890327e-01 2.88651942e-01
 2.91317593e-01 2.91317593e-01 2.96648896e-01 2.97410510e-01
 3.03503427e-01 3.04265042e-01 3.04645849e-01 3.05407464e-01
 3.12261995e-01 3.12261995e-01 3.13785225e-01 3.14546839e-01
 3.16450876e-01 3.17212490e-01 3.17974105e-01 3.18735720e-01
 3.19878142e-01 3.20639756e-01 3.22924600e-01 3.24067022e-01
 3.26732673e-01 3.26732673e-01 3.27113481e-01 3.27875095e-01
 3.51485149e-01 3.53008378e-01 3.55293222e-01 3.56054836e-01
 3.56816451e-01 3.57578065e-01 3.60243717e-01 3.61005331e-01
 3.62528561e-01 3.63290175e-01 3.63670982e-01 3.64051790e-01
 3.67479056e-01 3.68240670e-01 3.71287129e-01 3.72810358e-01
 3.80426504e-01 3.81188119e-01 3.81568926e-01 3.82330541e-01
 3.86900228e-01 3.87661843e-01 3.89185072e-01 3.89946687e-01
 3.92231531e-01 3.92993145e-01 3.93373953e-01 3.94135567e-01
 3.94516375e-01 3.94516375e-01 3.96039604e-01 3.96039604e-01
 3.96801219e-01 3.99466870e-01 4.00228484e-01 4.01751714e-01
 4.02513328e-01 4.02894136e-01 4.03655750e-01 4.05178979e-01
 4.05940594e-01 4.10891089e-01 4.10891089e-01 4.14318355e-01
 4.15079970e-01 4.26504189e-01 4.26504189e-01 4.34120335e-01
 4.34881950e-01 4.37928408e-01 4.38690023e-01 4.43259711e-01
 4.44021325e-01 4.44782940e-01 4.45544554e-01 4.46306169e-01
 4.46686976e-01 4.47448591e-01 4.49352628e-01 4.49733435e-01
 4.50495050e-01 4.51637471e-01 4.51637471e-01 4.60776847e-01
 4.61538462e-01 4.62680883e-01 4.63061691e-01 4.63823305e-01
 4.64965727e-01 4.65727342e-01 4.67631379e-01 4.68012186e-01
 4.82102056e-01 4.82863671e-01 4.85910129e-01 4.86671744e-01
 4.87052551e-01 4.87052551e-01 4.90860625e-01 4.91622239e-01
 4.99619193e-01 5.00380807e-01 5.00380807e-01 5.02284844e-01
 5.03046458e-01 5.06473724e-01 5.07996954e-01 5.09900990e-01
 5.10662605e-01 5.11424219e-01 5.12185834e-01 5.12566641e-01
 5.13328256e-01 5.13709063e-01 5.14470678e-01 5.15993907e-01
 5.17517136e-01 5.19040366e-01 5.20563595e-01 5.21706017e-01
 5.22467631e-01 5.24752475e-01 5.25514090e-01 5.25894897e-01
 5.26656512e-01 5.27037319e-01 5.27798934e-01 5.27798934e-01
 5.28560548e-01 5.28941356e-01 5.29702970e-01 5.30083778e-01
 5.30845392e-01 5.35795887e-01 5.37319117e-01 5.42269612e-01
 5.43031226e-01 5.43412034e-01 5.44173648e-01 5.49124143e-01
 5.49885758e-01 5.53313024e-01 5.53313024e-01 5.63975628e-01
 5.64737243e-01 5.65879665e-01 5.66641280e-01 5.71591775e-01
 5.72353389e-01 5.73115004e-01 5.73876618e-01 5.75780655e-01
 5.76542270e-01 5.78446306e-01 5.79207921e-01 5.80350343e-01
 5.81111957e-01 5.82635187e-01 5.83396801e-01 5.83777609e-01
 5.84539223e-01 5.87585682e-01 5.88347296e-01 5.92916984e-01
 5.93678599e-01 5.96344250e-01 5.97105864e-01 5.98248286e-01
 5.99009901e-01 6.01675552e-01 6.02056359e-01 6.05483625e-01
 6.05864433e-01 6.06626047e-01 6.07387662e-01 6.11576542e-01
 6.12338157e-01 6.16527037e-01 6.17288652e-01 6.18431074e-01
 6.19954303e-01 6.21477532e-01 6.22239147e-01 6.22619954e-01
 6.23381569e-01 6.23762376e-01 6.24523991e-01 6.26808835e-01
 6.27570449e-01 6.28712871e-01 6.29474486e-01 6.34805788e-01
 6.35186596e-01 6.35948210e-01 6.36329018e-01 6.37090632e-01
 6.37471439e-01 6.38233054e-01 6.40137091e-01 6.40898705e-01
 6.42041127e-01 6.42802742e-01 6.53465347e-01 6.54226961e-01
 6.55369383e-01 6.56130998e-01 6.61081493e-01 6.61843107e-01
 6.64127951e-01 6.64889566e-01 6.69078446e-01 6.69840061e-01
 6.70601676e-01 6.71363290e-01 6.78217822e-01 6.78979436e-01
 6.81264280e-01 6.82025895e-01 6.86976390e-01 6.87738005e-01
 6.88499619e-01 6.89261234e-01 6.92688500e-01 6.93450114e-01
 6.94211729e-01 6.95734958e-01 6.97258187e-01 6.98019802e-01
 6.99543031e-01 7.00304646e-01 7.09063214e-01 7.09063214e-01
 7.16298553e-01 7.17060168e-01 7.20487433e-01 7.21249048e-01
 7.23914699e-01 7.24676314e-01 7.26961158e-01 7.27722772e-01
 7.31530845e-01 7.32292460e-01 7.38766184e-01 7.39527799e-01
 7.54379284e-01 7.55140899e-01 7.55521706e-01 7.56283321e-01
 7.57806550e-01 7.57806550e-01 7.60091394e-01 7.60853008e-01
 7.66945925e-01 7.67707540e-01 7.68088347e-01 7.68088347e-01
 7.68849962e-01 7.71896420e-01 7.72658035e-01 7.74562072e-01
 7.75323686e-01 7.78370145e-01 7.79131759e-01 7.81035796e-01
 7.82559025e-01 7.83320640e-01 7.84082254e-01 7.97791318e-01
 7.98552932e-01 8.01599391e-01 8.03122620e-01 8.03884235e-01
 8.04645849e-01 8.12261995e-01 8.13023610e-01 8.16450876e-01
 8.17212490e-01 8.27113481e-01 8.27875095e-01 8.29779132e-01
 8.30540746e-01 8.42345773e-01 8.42345773e-01 8.49581112e-01
 8.50342727e-01 8.51485149e-01 8.52246763e-01 8.58339680e-01
 8.59101295e-01 8.62147753e-01 8.62909368e-01 8.71667936e-01
 8.72429551e-01 8.72810358e-01 8.73952780e-01 8.82330541e-01
 8.83092155e-01 8.85376999e-01 8.86138614e-01 8.88804265e-01
 8.89565880e-01 8.89946687e-01 8.90708302e-01 8.96420411e-01
 8.97182026e-01 9.14699162e-01 9.15460777e-01 9.56207159e-01
 9.56968774e-01 9.65346535e-01 9.66108149e-01 9.72962681e-01
 9.74485910e-01 9.87052551e-01 9.87814166e-01 9.94668698e-01
 9.95430312e-01 1.00000000e+00]","[0.         0.00142653 0.00285307 0.00570613 0.00998573 0.0128388
 0.01997147 0.02282454 0.03566334 0.03994294 0.04279601 0.04422254
 0.04422254 0.04564907 0.04992867 0.04992867 0.05420827 0.05706134
 0.06276748 0.06562054 0.06704708 0.06704708 0.07988588 0.08273894
 0.08416548 0.08987161 0.09415121 0.09700428 0.10128388 0.10128388
 0.10556348 0.10841655 0.11982882 0.12410842 0.13409415 0.13694722
 0.14122682 0.14407989 0.14978602 0.14978602 0.15977175 0.15977175
 0.17261056 0.17546362 0.17831669 0.17831669 0.18972896 0.19115549
 0.19971469 0.20256776 0.20399429 0.20684736 0.20827389 0.2168331
 0.21968616 0.2211127  0.22396576 0.2296719  0.2296719  0.23680456
 0.23965763 0.24108417 0.24393723 0.24964337 0.24964337 0.2510699
 0.25392297 0.26533524 0.2681883  0.2810271  0.28388017 0.30242511
 0.30527817 0.31098431 0.31383738 0.32239658 0.32239658 0.32524964
 0.32952924 0.33380884 0.34094151 0.34379458 0.34664765 0.34950071
 0.35378031 0.35948645 0.36233951 0.36519258 0.37089872 0.37375178
 0.37803138 0.38088445 0.39087019 0.39372325 0.41226819 0.41512126
 0.43366619 0.43651926 0.44365193 0.44793153 0.44793153 0.44935806
 0.45221113 0.45649073 0.46219686 0.46647646 0.46932953 0.4807418
 0.48359486 0.48787447 0.49072753 0.49643367 0.49643367 0.50071327
 0.50356633 0.50784593 0.510699   0.5149786  0.51640514 0.5192582
 0.5192582  0.52924394 0.532097   0.53922967 0.54065621 0.55206847
 0.55492154 0.55634807 0.55920114 0.58773181 0.58915835 0.59771755
 0.59771755 0.60770328 0.60770328 0.60912981 0.61768902 0.61768902
 0.62054208 0.62339515 0.62482168 0.62482168 0.63052782 0.63052782
 0.63195435 0.63480742 0.63766049 0.64051355 0.64479315 0.64479315
 0.65335235 0.65477889 0.66476462 0.66476462 0.66619116 0.66904422
 0.67047076 0.67332382 0.68045649 0.68188302 0.68473609 0.68473609
 0.68758916 0.69329529 0.69329529 0.69472183 0.71326676 0.71326676
 0.71754636 0.71754636 0.72182596 0.72182596 0.72467903 0.7275321
 0.73038516 0.7318117  0.7318117  0.73751783 0.73751783 0.74322397
 0.74607703 0.7489301  0.7489301  0.75035663 0.75035663 0.7532097
 0.7532097  0.75606277 0.7574893  0.76034237 0.76034237 0.7660485
 0.7660485  0.76747504 0.76747504 0.77318117 0.77318117 0.7788873
 0.7788873  0.78459344 0.78459344 0.78887304 0.79172611 0.79172611
 0.80171184 0.80171184 0.80456491 0.80456491 0.80884451 0.80884451
 0.81312411 0.81312411 0.81740371 0.81740371 0.81883024 0.81883024
 0.82168331 0.82453638 0.82881598 0.82881598 0.83166904 0.83166904
 0.83452211 0.83452211 0.83594864 0.83880171 0.84022825 0.84165478
 0.84308131 0.84308131 0.84450785 0.84450785 0.84593438 0.84593438
 0.85021398 0.85021398 0.85164051 0.85164051 0.85306705 0.85592011
 0.86019971 0.86019971 0.86162625 0.86162625 0.86162625 0.86305278
 0.86305278 0.86447932 0.86447932 0.86733238 0.86733238 0.87018545
 0.87018545 0.87161198 0.87161198 0.87161198 0.87303852 0.87446505
 0.87731812 0.87874465 0.87874465 0.88017118 0.88017118 0.88159772
 0.88159772 0.88159772 0.88302425 0.88302425 0.88445078 0.88445078
 0.88445078 0.88587732 0.88587732 0.88587732 0.88587732 0.88730385
 0.88730385 0.89015692 0.89015692 0.89158345 0.89158345 0.89300999
 0.89300999 0.89443652 0.89443652 0.89586305 0.89586305 0.89728959
 0.89728959 0.89871612 0.89871612 0.89871612 0.89871612 0.90014265
 0.90014265 0.90156919 0.90156919 0.90156919 0.90156919 0.90156919
 0.90156919 0.90442225 0.90442225 0.90442225 0.90727532 0.90727532
 0.90727532 0.90727532 0.90727532 0.90727532 0.90870185 0.90870185
 0.91583452 0.91583452 0.91583452 0.91726106 0.91726106 0.91868759
 0.91868759 0.91868759 0.91868759 0.91868759 0.91868759 0.92011412
 0.92011412 0.92011412 0.92011412 0.92154066 0.92154066 0.92439372
 0.92439372 0.92582026 0.92582026 0.92724679 0.92724679 0.92867332
 0.92867332 0.92867332 0.93009986 0.93009986 0.93152639 0.93152639
 0.93152639 0.93152639 0.93152639 0.93295292 0.93295292 0.93295292
 0.93295292 0.93295292 0.93295292 0.93437946 0.93437946 0.93437946
 0.93437946 0.93437946 0.93437946 0.93580599 0.93580599 0.93723252
 0.93723252 0.93723252 0.93723252 0.93723252 0.93723252 0.93865906
 0.93865906 0.94008559 0.94008559 0.94008559 0.94008559 0.94151213
 0.94151213 0.94151213 0.94151213 0.94151213 0.94151213 0.94151213
 0.94151213 0.94293866 0.94293866 0.94579173 0.94579173 0.94721826
 0.94721826 0.94864479 0.94864479 0.94864479 0.94864479 0.95007133
 0.95007133 0.95007133 0.95007133 0.95149786 0.95149786 0.95149786
 0.95149786 0.95292439 0.95292439 0.95435093 0.95435093 0.95435093
 0.95577746 0.95577746 0.95577746 0.95577746 0.95577746 0.95577746
 0.95577746 0.95577746 0.95720399 0.95720399 0.95720399 0.95720399
 0.95863053 0.95863053 0.96005706 0.96005706 0.96005706 0.96005706
 0.96005706 0.96005706 0.96148359 0.96148359 0.96148359 0.96148359
 0.96148359 0.96148359 0.96148359 0.96148359 0.96148359 0.96148359
 0.96148359 0.96148359 0.96148359 0.96148359 0.96148359 0.96148359
 0.96148359 0.96148359 0.96148359 0.96148359 0.96148359 0.96148359
 0.96291013 0.96291013 0.96291013 0.96291013 0.96291013 0.96291013
 0.96291013 0.96291013 0.96291013 0.96433666 0.96433666 0.9657632
 0.9657632  0.96718973 0.96718973 0.96718973 0.96718973 0.96861626
 0.96861626 0.96861626 0.96861626 0.96861626 0.96861626 0.96861626
 0.96861626 0.9700428  0.9700428  0.9700428  0.9700428  0.9700428
 0.9700428  0.9700428  0.9700428  0.9700428  0.9700428  0.9700428
 0.9700428  0.97146933 0.97146933 0.97146933 0.97146933 0.97146933
 0.97146933 0.97146933 0.97146933 0.97146933 0.97146933 0.97146933
 0.97146933 0.97146933 0.97146933 0.97289586 0.97289586 0.97289586
 0.97289586 0.97289586 0.97289586 0.97289586 0.97289586 0.97289586
 0.97289586 0.97289586 0.97289586 0.97289586 0.97289586 0.97289586
 0.97289586 0.97289586 0.97289586 0.9743224  0.9743224  0.97574893
 0.97574893 0.97574893 0.97574893 0.97574893 0.97574893 0.97574893
 0.97574893 0.97574893 0.97574893 0.97574893 0.97717546 0.97717546
 0.97717546 0.97717546 0.978602   0.978602   0.978602   0.978602
 0.978602   0.978602   0.978602   0.978602   0.978602   0.978602
 0.98002853 0.98002853 0.98002853 0.98145506 0.98145506 0.98145506
 0.9828816  0.9828816  0.9828816  0.9828816  0.9828816  0.9828816
 0.9828816  0.9828816  0.9828816  0.98430813 0.98430813 0.98430813
 0.98430813 0.98430813 0.98430813 0.98573466 0.98573466 0.98573466
 0.98573466 0.98573466 0.9871612  0.9871612  0.9871612  0.9871612
 0.9871612  0.9871612  0.9871612  0.9871612  0.9871612  0.9871612
 0.9871612  0.9871612  0.9871612  0.9871612  0.9871612  0.9871612
 0.9871612  0.9871612  0.9871612  0.9871612  0.9871612  0.9871612
 0.9871612  0.9871612  0.9871612  0.98858773 0.98858773 0.98858773
 0.98858773 0.98858773 0.98858773 0.98858773 0.98858773 0.98858773
 0.98858773 0.98858773 0.98858773 0.98858773 0.98858773 0.98858773
 0.99001427 0.99001427 0.99001427 0.99001427 0.99001427 0.99001427
 0.99001427 0.99001427 0.99001427 0.99001427 0.99001427 0.99001427
 0.99001427 0.99001427 0.99001427 0.99001427 0.99001427 0.99001427
 0.99001427 0.99001427 0.99001427 0.99001427 0.99001427 0.99001427
 0.99001427 0.99001427 0.99001427 0.99001427 0.9914408  0.9914408
 0.99286733 0.99286733 0.99286733 0.99286733 0.99286733 0.99286733
 0.99286733 0.99286733 0.99286733 0.99286733 0.99286733 0.99286733
 0.99286733 0.99286733 0.99286733 0.99286733 0.99286733 0.99286733
 0.99286733 0.99286733 0.99429387 0.99429387 0.99429387 0.99429387
 0.99429387 0.99429387 0.99429387 0.99429387 0.99429387 0.99429387
 0.99429387 0.99429387 0.99429387 0.99429387 0.99429387 0.99429387
 0.99429387 0.99429387 0.99429387 0.99429387 0.99429387 0.99429387
 0.99429387 0.99429387 0.99429387 0.99429387 0.99429387 0.99429387
 0.99429387 0.99429387 0.99429387 0.99429387 0.99429387 0.99429387
 0.99429387 0.99429387 0.99429387 0.99429387 0.99429387 0.9957204
 0.9957204  0.9957204  0.9957204  0.9957204  0.9957204  0.9957204
 0.9957204  0.9957204  0.9957204  0.9957204  0.9957204  0.9957204
 0.9957204  0.9957204  0.9957204  0.9957204  0.9957204  0.99714693
 0.99714693 0.99714693 0.99714693 0.99714693 0.99714693 0.99857347
 0.99857347 0.99857347 0.99857347 0.99857347 0.99857347 0.99857347
 0.99857347 0.99857347 0.99857347 0.99857347 0.99857347 0.99857347
 0.99857347 0.99857347 0.99857347 0.99857347 0.99857347 0.99857347
 0.99857347 0.99857347 0.99857347 0.99857347 0.99857347 0.99857347
 0.99857347 0.99857347 1.         1.         1.         1.
 1.         1.         1.         1.         1.         1.
 1.         1.         1.         1.         1.         1.
 1.         1.         1.         1.         1.         1.
 1.         1.         1.         1.         1.         1.
 1.         1.         1.         1.         1.         1.
 1.         1.        ]","[           inf 9.99999285e-01 9.99999166e-01 9.99998927e-01
 9.99998808e-01 9.99998689e-01 9.99997616e-01 9.99997497e-01
 9.99994874e-01 9.99994516e-01 9.99993801e-01 9.99993205e-01
 9.99992371e-01 9.99991417e-01 9.99990940e-01 9.99990821e-01
 9.99989390e-01 9.99989033e-01 9.99985576e-01 9.99984980e-01
 9.99984860e-01 9.99984384e-01 9.99976873e-01 9.99975562e-01
 9.99974370e-01 9.99972701e-01 9.99971390e-01 9.99971032e-01
 9.99970317e-01 9.99968410e-01 9.99967217e-01 9.99966383e-01
 9.99959826e-01 9.99959230e-01 9.99949813e-01 9.99948978e-01
 9.99946833e-01 9.99942183e-01 9.99934912e-01 9.99931574e-01
 9.99919415e-01 9.99919057e-01 9.99903917e-01 9.99901414e-01
 9.99899864e-01 9.99899149e-01 9.99882340e-01 9.99882221e-01
 9.99863982e-01 9.99859333e-01 9.99850154e-01 9.99840975e-01
 9.99840617e-01 9.99815762e-01 9.99810398e-01 9.99804556e-01
 9.99804080e-01 9.99789655e-01 9.99788582e-01 9.99771059e-01
 9.99770582e-01 9.99769509e-01 9.99768317e-01 9.99755085e-01
 9.99754608e-01 9.99754369e-01 9.99753892e-01 9.99734104e-01
 9.99731362e-01 9.99673486e-01 9.99673367e-01 9.99623418e-01
 9.99614835e-01 9.99588549e-01 9.99566734e-01 9.99550879e-01
 9.99547064e-01 9.99542236e-01 9.99535918e-01 9.99535084e-01
 9.99482751e-01 9.99482393e-01 9.99462187e-01 9.99450386e-01
 9.99442041e-01 9.99433696e-01 9.99427557e-01 9.99421597e-01
 9.99395728e-01 9.99386072e-01 9.99358118e-01 9.99350488e-01
 9.99309182e-01 9.99305844e-01 9.99197185e-01 9.99175131e-01
 9.99022365e-01 9.99014258e-01 9.98910904e-01 9.98910785e-01
 9.98899460e-01 9.98891056e-01 9.98848915e-01 9.98813868e-01
 9.98802662e-01 9.98757482e-01 9.98752117e-01 9.98597085e-01
 9.98580694e-01 9.98540998e-01 9.98532176e-01 9.98469770e-01
 9.98443782e-01 9.98413920e-01 9.98403728e-01 9.98376846e-01
 9.98376369e-01 9.98362958e-01 9.98331368e-01 9.98300016e-01
 9.98269200e-01 9.98087227e-01 9.98086214e-01 9.97968972e-01
 9.97964263e-01 9.97838080e-01 9.97832239e-01 9.97827709e-01
 9.97809827e-01 9.97443795e-01 9.97391105e-01 9.97236073e-01
 9.97187078e-01 9.97036695e-01 9.97013807e-01 9.96963441e-01
 9.96805549e-01 9.96785998e-01 9.96711612e-01 9.96697664e-01
 9.96635616e-01 9.96629298e-01 9.96582329e-01 9.96546924e-01
 9.96489584e-01 9.96474087e-01 9.96382594e-01 9.96308267e-01
 9.96217787e-01 9.96201813e-01 9.96112406e-01 9.96110857e-01
 9.95879769e-01 9.95828569e-01 9.95817482e-01 9.95713234e-01
 9.95501101e-01 9.95441437e-01 9.95340586e-01 9.95151281e-01
 9.95029509e-01 9.94983077e-01 9.94791031e-01 9.94618118e-01
 9.94595945e-01 9.94471788e-01 9.93571758e-01 9.93441939e-01
 9.93262947e-01 9.93124306e-01 9.93057489e-01 9.92987096e-01
 9.92748320e-01 9.92693782e-01 9.92452681e-01 9.92330432e-01
 9.92295027e-01 9.92032051e-01 9.91790295e-01 9.91390705e-01
 9.91230607e-01 9.91051435e-01 9.90853131e-01 9.90678966e-01
 9.90665317e-01 9.90522325e-01 9.90495563e-01 9.90182579e-01
 9.90042925e-01 9.89320397e-01 9.89000797e-01 9.87403870e-01
 9.86175179e-01 9.84988332e-01 9.83996451e-01 9.81868565e-01
 9.80832577e-01 9.78788376e-01 9.76959467e-01 9.72864747e-01
 9.72853899e-01 9.70946312e-01 9.69003499e-01 9.65674758e-01
 9.62893069e-01 9.56758976e-01 9.56336260e-01 9.54105914e-01
 9.53669846e-01 9.51930523e-01 9.50700641e-01 9.49199796e-01
 9.45395112e-01 9.31886792e-01 9.31781292e-01 9.30088341e-01
 9.28589880e-01 9.24950480e-01 9.21796978e-01 9.19147432e-01
 9.16603327e-01 9.11986649e-01 9.06624138e-01 8.95934641e-01
 8.90253127e-01 8.89196992e-01 8.85518670e-01 8.77847791e-01
 8.74784350e-01 8.68957043e-01 8.67420077e-01 8.13750267e-01
 8.10059845e-01 8.09296548e-01 7.71634936e-01 7.67793536e-01
 7.64988720e-01 7.42490709e-01 7.40786195e-01 7.40282476e-01
 7.29194343e-01 7.29024827e-01 7.09084570e-01 7.07270980e-01
 6.52342618e-01 6.44955277e-01 6.32561624e-01 6.22219443e-01
 5.97061694e-01 5.94271064e-01 5.67922950e-01 5.62998116e-01
 5.60601532e-01 5.57712495e-01 5.36573887e-01 5.05226731e-01
 4.98013556e-01 4.93087739e-01 4.92224485e-01 4.87690598e-01
 4.82035756e-01 4.76606280e-01 4.48539793e-01 4.47696775e-01
 4.39529091e-01 4.19423431e-01 4.10581946e-01 3.82808834e-01
 3.78955126e-01 3.44225705e-01 3.43604624e-01 3.42193276e-01
 3.33909482e-01 3.25875700e-01 3.25695306e-01 3.20111394e-01
 2.73539662e-01 2.29689762e-01 2.29213968e-01 2.19276860e-01
 2.17035592e-01 2.09216550e-01 1.71177417e-01 1.70912638e-01
 1.65128142e-01 1.58302695e-01 1.50052756e-01 1.46678522e-01
 1.37061074e-01 1.36604831e-01 1.19040027e-01 1.18438415e-01
 1.17232263e-01 1.08970620e-01 9.98795554e-02 9.69586745e-02
 8.92714113e-02 8.65760893e-02 8.45915973e-02 8.30246732e-02
 7.19156712e-02 7.13291466e-02 6.30190223e-02 6.19421974e-02
 5.92391603e-02 5.74030355e-02 5.48224337e-02 4.41733152e-02
 4.38551232e-02 3.30025442e-02 3.28366086e-02 2.98023093e-02
 2.61032730e-02 2.57570408e-02 2.43278537e-02 2.41687372e-02
 2.35340670e-02 2.27697305e-02 2.15144102e-02 2.05795858e-02
 1.86312534e-02 1.79565866e-02 1.70917567e-02 1.60346087e-02
 1.56122157e-02 1.55462530e-02 1.38975875e-02 1.38083184e-02
 1.36176646e-02 1.28951930e-02 1.19333593e-02 1.16598234e-02
 1.11811310e-02 1.11699067e-02 1.10079944e-02 1.09871607e-02
 1.05979182e-02 1.04222232e-02 1.03343930e-02 1.02709970e-02
 1.01280687e-02 9.08627734e-03 8.91385227e-03 8.52049887e-03
 8.43646377e-03 8.33199173e-03 7.61616277e-03 7.59762805e-03
 7.55522400e-03 7.54928775e-03 7.29648257e-03 7.19084218e-03
 6.54686801e-03 6.51572365e-03 5.98445535e-03 5.96742379e-03
 5.76500874e-03 5.73288230e-03 5.65213664e-03 5.62396040e-03
 5.15613146e-03 5.08874469e-03 4.70953481e-03 4.67135757e-03
 4.53162286e-03 4.53020772e-03 4.48062317e-03 4.40902915e-03
 4.12995741e-03 4.11048578e-03 4.03666263e-03 4.02079942e-03
 3.86622176e-03 3.86558287e-03 3.84321180e-03 3.81107279e-03
 3.77996080e-03 3.77424597e-03 3.58409644e-03 3.57859675e-03
 3.57612362e-03 3.57210240e-03 3.49491369e-03 3.47234844e-03
 3.46126501e-03 3.43245897e-03 3.39343399e-03 3.36700934e-03
 3.26150074e-03 3.23840184e-03 3.22814262e-03 3.21929529e-03
 3.16104689e-03 3.14404932e-03 3.10019054e-03 3.08583910e-03
 3.01805278e-03 3.01064551e-03 2.91466340e-03 2.91409390e-03
 2.89328466e-03 2.83198291e-03 2.82772421e-03 2.77595082e-03
 2.77216872e-03 2.73094722e-03 2.71619810e-03 2.59262114e-03
 2.56088423e-03 2.51626177e-03 2.50153244e-03 2.38140207e-03
 2.38050637e-03 2.35116831e-03 2.34444370e-03 2.30168435e-03
 2.30140635e-03 2.29248824e-03 2.28974153e-03 2.26593856e-03
 2.26015900e-03 2.22047232e-03 2.20401469e-03 2.19429028e-03
 2.18341243e-03 2.10878160e-03 2.10064230e-03 1.98964239e-03
 1.98247167e-03 1.88277627e-03 1.87963538e-03 1.82389480e-03
 1.80953217e-03 1.80721760e-03 1.80558406e-03 1.78030564e-03
 1.77629420e-03 1.76944130e-03 1.76669587e-03 1.71685894e-03
 1.71139848e-03 1.69569743e-03 1.68566301e-03 1.62876211e-03
 1.61303277e-03 1.61160668e-03 1.60185026e-03 1.58647564e-03
 1.51941425e-03 1.51226355e-03 1.51143363e-03 1.50625978e-03
 1.48112362e-03 1.47834409e-03 1.43945275e-03 1.43936905e-03
 1.43291522e-03 1.41716225e-03 1.39656255e-03 1.39511039e-03
 1.36962673e-03 1.36665732e-03 1.33656384e-03 1.33427756e-03
 1.28799409e-03 1.28704554e-03 1.28290523e-03 1.28261629e-03
 1.21148129e-03 1.21045753e-03 1.20252685e-03 1.20132591e-03
 1.18309446e-03 1.17656600e-03 1.17365457e-03 1.17168855e-03
 1.16609689e-03 1.16530957e-03 1.15237723e-03 1.14809803e-03
 1.12743920e-03 1.12052937e-03 1.12015055e-03 1.11842703e-03
 9.37522273e-04 9.32497438e-04 9.07375477e-04 9.06066212e-04
 9.03305598e-04 8.97953869e-04 8.88842216e-04 8.88127659e-04
 8.83281056e-04 8.82960914e-04 8.82489898e-04 8.80855834e-04
 8.65070091e-04 8.63210065e-04 8.42082838e-04 8.40303022e-04
 7.99494854e-04 7.98732624e-04 7.98412599e-04 7.97627843e-04
 7.57405534e-04 7.56425317e-04 7.50390114e-04 7.49065890e-04
 7.36326037e-04 7.33987894e-04 7.33808498e-04 7.27082486e-04
 7.25660648e-04 7.25081365e-04 7.21874356e-04 7.21364748e-04
 7.18101277e-04 7.05182087e-04 7.04512058e-04 6.94037823e-04
 6.91128429e-04 6.91098452e-04 6.88046566e-04 6.81010424e-04
 6.78854587e-04 6.57616358e-04 6.53732335e-04 6.44413871e-04
 6.43390580e-04 6.00128726e-04 5.99203398e-04 5.79971471e-04
 5.76358987e-04 5.66777366e-04 5.65875147e-04 5.47013246e-04
 5.46456373e-04 5.42866241e-04 5.41880145e-04 5.40590961e-04
 5.38180524e-04 5.37534826e-04 5.30463003e-04 5.29987679e-04
 5.28253790e-04 5.26999473e-04 5.26240037e-04 4.99919697e-04
 4.97300236e-04 4.97043133e-04 4.94514592e-04 4.91950894e-04
 4.85914119e-04 4.85475262e-04 4.79205628e-04 4.78940085e-04
 4.35827445e-04 4.35630122e-04 4.25498845e-04 4.24816943e-04
 4.24766156e-04 4.23769583e-04 4.12858702e-04 4.11801564e-04
 3.80409678e-04 3.79220612e-04 3.77857068e-04 3.76358657e-04
 3.76237760e-04 3.70050780e-04 3.69362446e-04 3.64380190e-04
 3.63897299e-04 3.62118037e-04 3.62028601e-04 3.60741658e-04
 3.59854981e-04 3.59769736e-04 3.59586789e-04 3.58426390e-04
 3.58179765e-04 3.54471296e-04 3.53204843e-04 3.51929601e-04
 3.51864175e-04 3.46871413e-04 3.45678040e-04 3.44531145e-04
 3.43298510e-04 3.42623331e-04 3.41031438e-04 3.40040278e-04
 3.38721351e-04 3.38569429e-04 3.37903854e-04 3.37023317e-04
 3.37005651e-04 3.24589928e-04 3.23849934e-04 3.15051002e-04
 3.14512319e-04 3.13606579e-04 3.13527649e-04 3.01053456e-04
 3.00605752e-04 2.97000690e-04 2.96674669e-04 2.80709675e-04
 2.80581764e-04 2.79739848e-04 2.79530825e-04 2.70160352e-04
 2.70160090e-04 2.69661890e-04 2.68893229e-04 2.66515999e-04
 2.65943614e-04 2.62472458e-04 2.61872046e-04 2.61092704e-04
 2.60597561e-04 2.56661646e-04 2.55226798e-04 2.54432787e-04
 2.54316372e-04 2.49265315e-04 2.48092401e-04 2.40588954e-04
 2.40420195e-04 2.36657594e-04 2.36280641e-04 2.29904676e-04
 2.29310725e-04 2.22315430e-04 2.22072849e-04 2.17766879e-04
 2.17610403e-04 2.16461471e-04 2.14633212e-04 2.08670885e-04
 2.07388148e-04 2.00824288e-04 2.00300681e-04 1.99488190e-04
 1.97873422e-04 1.95713321e-04 1.95654749e-04 1.95624525e-04
 1.94743130e-04 1.94493346e-04 1.92594060e-04 1.89840284e-04
 1.89082100e-04 1.86849895e-04 1.86668956e-04 1.78210466e-04
 1.77811744e-04 1.77691079e-04 1.77328024e-04 1.77097885e-04
 1.76588132e-04 1.75739042e-04 1.73776294e-04 1.73756081e-04
 1.72126864e-04 1.71662527e-04 1.57495873e-04 1.57486254e-04
 1.55040907e-04 1.54102192e-04 1.49791114e-04 1.49716579e-04
 1.47791259e-04 1.47738552e-04 1.42829114e-04 1.42484016e-04
 1.41186480e-04 1.41162789e-04 1.36905219e-04 1.35931696e-04
 1.33420777e-04 1.33199588e-04 1.27610998e-04 1.27466890e-04
 1.26484098e-04 1.26247091e-04 1.22578582e-04 1.22148966e-04
 1.21992292e-04 1.21626756e-04 1.20615012e-04 1.19775927e-04
 1.18563337e-04 1.18492477e-04 1.10566354e-04 1.10302142e-04
 1.05186358e-04 1.04297433e-04 1.01821228e-04 1.01442674e-04
 9.92775240e-05 9.92149580e-05 9.69852917e-05 9.69159519e-05
 9.38961093e-05 9.36570796e-05 9.00686864e-05 8.96798447e-05
 8.14448867e-05 8.12988510e-05 8.11479695e-05 8.10689235e-05
 8.07117103e-05 8.05300369e-05 7.99089612e-05 7.99081972e-05
 7.64644501e-05 7.60869516e-05 7.57206217e-05 7.55911969e-05
 7.55427682e-05 7.39421448e-05 7.35427966e-05 7.22547557e-05
 7.22465556e-05 6.94155169e-05 6.93897018e-05 6.79915684e-05
 6.76850614e-05 6.71456874e-05 6.66211563e-05 5.92716497e-05
 5.91378957e-05 5.75638624e-05 5.72148092e-05 5.65745977e-05
 5.64174952e-05 5.29556091e-05 5.28427663e-05 5.18838933e-05
 5.17872031e-05 4.66404927e-05 4.65336489e-05 4.60462616e-05
 4.59967123e-05 4.06795625e-05 4.05408391e-05 3.76141288e-05
 3.76059870e-05 3.74151095e-05 3.73334187e-05 3.59283586e-05
 3.56655692e-05 3.51606286e-05 3.51516428e-05 3.29324503e-05
 3.29040085e-05 3.29011527e-05 3.26657682e-05 3.00357369e-05
 2.99024123e-05 2.95030495e-05 2.94982401e-05 2.85448496e-05
 2.81664943e-05 2.80366785e-05 2.75487455e-05 2.58962846e-05
 2.58504151e-05 2.19091089e-05 2.19082722e-05 1.17015579e-05
 1.14692039e-05 9.64781066e-06 9.61339629e-06 8.08421737e-06
 7.86554574e-06 4.97780320e-06 4.91063247e-06 3.37899132e-06
 3.26156601e-06 1.60731429e-06]",[0.21070033 0.21076368 0.21082707 ... 1.         1.         1.        ],[1.         1.         1.         ... 0.00285307 0.00142653 0.        ],"[1.6073143e-06 1.6115490e-06 1.9566203e-06 ... 9.9999893e-01 9.9999917e-01
 9.9999928e-01]"
